"2022-03-01 at 12:23"
Time(H:M:S) CO2(ppm) CellTemp(c) CellPres(kPa)
12:23:26 0.05 51.76 101.63
12:23:27 0.76 51.73 101.63
12:23:28 0.57 51.73 101.63
12:23:29 0.12 51.76 101.63
12:23:30 0.46 51.76 101.63
12:23:31 0.37 51.76 101.63
12:23:32 -0.01 51.76 101.63
12:23:33 0.59 51.76 101.63
12:23:34 0.45 51.76 101.63
12:23:35 0.18 51.76 101.63
12:23:36 0.35 51.76 101.63
12:23:37 0.33 51.76 101.61
12:23:38 0.50 51.76 101.61
12:23:39 0.45 51.76 101.61
12:23:40 -0.28 51.73 101.63
12:23:41 0.30 51.73 101.63
12:23:42 0.41 51.76 101.63
12:23:43 0.26 51.76 101.63
12:23:44 0.33 51.76 101.63
12:23:45 0.24 51.76 101.63
12:23:46 0.38 51.76 101.63
12:23:47 -0.06 51.76 101.63
12:23:48 0.67 51.76 101.63
12:23:49 -0.24 51.76 101.63
12:23:50 0.37 51.73 101.63
12:23:51 0.13 51.73 101.61
12:23:52 0.19 51.73 101.63
12:23:53 0.12 51.73 101.63
12:23:54 0.36 51.76 101.63
12:23:55 0.05 51.76 101.63
12:23:56 0.10 51.76 101.63
12:23:57 0.22 51.76 101.63
12:23:58 0.12 51.76 101.63
12:23:59 0.44 51.73 101.63
12:24:00 0.35 51.73 101.63
12:24:01 0.22 51.73 101.61
12:24:02 0.01 51.76 101.63
12:24:03 0.32 51.76 101.63
12:24:04 0.08 51.76 101.63
12:24:05 0.57 51.76 101.63
12:24:06 0.00 51.73 101.63
12:24:07 0.39 51.73 101.63
12:24:08 0.01 51.73 101.61
12:24:09 0.09 51.73 101.63
12:24:10 -0.25 51.76 101.63
12:24:11 0.57 51.76 101.61
12:24:12 0.10 51.76 101.63
12:24:13 0.14 51.76 101.61
12:24:14 0.36 51.76 101.63
12:24:15 0.11 51.76 101.63
12:24:16 -0.10 51.76 101.61
12:24:17 -0.12 51.76 101.63
12:24:18 0.58 51.73 101.63
12:24:19 0.05 51.73 101.63
12:24:20 0.15 51.76 101.61
12:24:21 0.40 51.73 101.63
12:24:22 0.32 51.73 101.63
12:24:23 0.17 51.73 101.63
12:24:24 -0.09 51.73 101.63
12:24:25 0.01 51.73 101.61
12:24:26 0.15 51.73 101.63
12:24:27 0.39 51.76 101.63
12:24:28 0.29 51.76 101.63
12:24:29 0.23 51.76 101.63
12:24:30 -0.06 51.73 101.63
12:24:31 0.38 51.73 101.63
12:24:32 0.15 51.73 101.61
12:24:33 0.05 51.73 101.63
12:24:34 0.10 51.73 101.61
12:24:36 0.03 51.73 101.63
12:24:37 0.34 51.76 101.63
12:24:38 0.04 51.76 101.63
12:24:39 0.30 51.76 101.63
12:24:40 0.40 51.76 101.63
12:24:41 0.06 51.73 101.63
12:24:42 0.27 51.73 101.63
12:24:43 0.21 51.73 101.63
12:24:44 0.21 51.76 101.61
12:24:45 -0.02 51.76 101.63
12:24:46 0.20 51.76 101.63
12:24:47 -0.02 51.73 101.63
12:24:48 0.23 51.73 101.63
12:24:49 -0.05 51.76 101.63
12:24:50 -0.04 51.76 101.63
12:24:51 -0.03 51.73 101.63
12:24:52 0.71 51.73 101.63
12:24:53 0.38 51.73 101.63
12:24:54 -0.16 51.73 101.63
12:24:55 0.50 51.76 101.63
12:24:56 0.04 51.76 101.63
12:24:57 -0.08 51.76 101.63
12:24:58 0.26 51.76 101.63
12:24:59 0.19 51.76 101.63
12:25:00 0.15 51.73 101.63
12:25:01 -0.13 51.73 101.63
12:25:02 0.34 51.76 101.63
12:25:03 0.31 51.76 101.63
12:25:04 0.09 51.73 101.61
12:25:05 0.25 51.73 101.63
12:25:06 -0.03 51.76 101.63
12:25:07 0.10 51.76 101.63
12:25:08 0.22 51.76 101.61
12:25:09 0.29 51.76 101.63
12:25:10 0.00 51.76 101.63
12:25:11 0.33 51.73 101.61
12:25:12 0.38 51.73 101.63
12:25:13 0.61 51.73 101.61
12:25:14 0.08 51.73 101.63
12:25:15 -0.29 51.76 101.63
12:25:16 0.63 51.76 101.63
12:25:17 -0.02 51.76 101.63
12:25:18 0.09 51.76 101.63
12:25:19 0.33 51.76 101.63
12:25:20 0.11 51.76 101.63
12:25:21 0.03 51.73 101.63
12:25:22 0.55 51.73 101.63
12:25:23 0.10 51.76 101.63
12:25:24 0.19 51.76 101.63
12:25:25 0.05 51.73 101.63
12:25:26 0.22 51.73 101.63
12:25:27 0.06 51.76 101.63
12:25:28 -0.15 51.76 101.63
12:25:29 0.38 51.76 101.63
12:25:30 0.56 51.76 101.63
12:25:31 0.12 51.73 101.63
12:25:32 -0.19 51.73 101.63
12:25:33 0.18 51.73 101.63
12:25:34 0.08 51.73 101.61
12:25:35 0.20 51.73 101.63
12:25:36 0.26 51.73 101.61
12:25:37 0.21 51.73 101.63
12:25:38 0.44 51.76 101.61
12:25:39 0.14 51.76 101.63
12:25:40 0.46 51.73 101.63
12:25:41 -0.00 51.73 101.63
12:25:42 0.49 51.76 101.63
12:25:43 0.13 51.76 101.61
12:25:44 0.01 51.76 101.63
12:25:45 0.16 51.73 101.63
12:25:46 -0.13 51.73 101.63
12:25:47 0.55 51.73 101.63
12:25:48 0.28 51.73 101.63
12:25:49 0.21 51.73 101.63
12:25:51 -0.22 51.76 101.63
12:25:52 -0.06 51.76 101.63
12:25:53 -0.11 51.76 101.63
12:25:54 0.29 51.73 101.63
12:25:55 0.20 51.73 101.63
12:25:56 0.30 51.76 101.63
12:25:57 0.10 51.76 101.63
12:25:58 0.08 51.76 101.63
12:25:59 0.46 51.76 101.63
12:26:00 0.11 51.76 101.63
12:26:01 0.17 51.76 101.63
12:26:02 0.33 51.73 101.61
12:26:03 0.29 51.73 101.59
12:26:04 0.34 51.76 101.63
12:26:05 0.16 51.76 101.63
12:26:06 -0.27 51.73 101.63
12:26:07 0.01 51.73 101.61
12:26:08 0.14 51.73 101.59
12:26:09 -0.04 51.73 101.63
12:26:10 0.41 51.76 101.63
12:26:11 0.23 51.76 101.61
12:26:12 0.00 51.76 101.59
12:26:13 0.06 51.76 101.63
12:26:14 0.22 51.76 101.63
12:26:15 0.21 51.76 101.63
12:26:16 -0.03 51.73 101.63
12:26:17 0.42 51.73 101.59
12:26:18 0.24 51.73 101.61
12:26:19 0.22 51.73 101.59
12:26:20 0.46 51.76 101.59
12:26:21 0.11 51.76 101.61
12:26:22 0.27 51.76 101.59
12:26:23 0.36 51.76 101.63
12:26:24 -0.25 51.76 101.64
12:26:25 -0.01 51.76 101.64
12:26:26 -0.25 51.73 101.61
12:26:27 0.25 51.73 101.61
12:26:28 0.06 51.73 101.61
12:26:29 0.12 51.76 101.59
12:26:30 -0.26 51.76 101.63
12:26:31 0.27 51.76 101.63
12:26:32 0.02 51.76 101.63
12:26:33 0.03 51.76 101.61
12:26:34 0.85 51.76 101.63
12:26:35 4.26 51.76 101.61
12:26:36 10.99 51.73 101.61
12:26:37 18.06 51.73 101.63
12:26:38 23.44 51.73 101.63
12:26:39 28.13 51.73 101.63
12:26:40 31.06 51.73 101.63
12:26:41 32.48 51.73 101.63
12:26:42 32.03 51.73 101.61
12:26:43 29.31 51.73 101.61
12:26:44 25.25 51.73 101.63
12:26:45 20.61 51.73 101.61
12:26:46 16.46 51.76 101.61
12:26:47 13.63 51.76 101.61
12:26:48 11.26 51.76 101.61
12:26:49 8.91 51.76 101.61
12:26:50 7.76 51.76 101.61
12:26:51 7.14 51.76 101.61
12:26:52 5.95 51.76 101.59
12:26:53 4.86 51.73 101.61
12:26:54 4.05 51.73 101.61
12:26:55 3.63 51.76 101.61
12:26:56 3.20 51.76 101.61
12:26:57 2.73 51.76 101.61
12:26:58 1.91 51.73 101.61
12:26:59 1.91 51.73 101.61
12:27:00 1.45 51.76 101.61
12:27:01 1.22 51.76 101.59
12:27:02 1.31 51.76 101.61
12:27:03 0.84 51.76 101.61
12:27:04 1.23 51.76 101.59
12:27:05 0.87 51.73 101.61
12:27:07 0.53 51.73 101.61
12:27:08 0.36 51.76 101.59
12:27:09 0.64 51.76 101.61
12:27:10 0.63 51.73 101.61
12:27:11 0.38 51.73 101.59
12:27:12 0.41 51.76 101.61
12:27:13 0.33 51.76 101.61
12:27:14 0.15 51.76 101.61
12:27:15 0.22 51.76 101.59
12:27:16 0.11 51.76 101.61
12:27:17 0.10 51.76 101.61
12:27:18 0.04 51.76 101.61
12:27:19 0.14 51.76 101.61
12:27:20 -0.12 51.73 101.61
12:27:21 0.17 51.73 101.59
12:27:22 0.41 51.76 101.61
12:27:23 0.01 51.76 101.61
12:27:24 -0.04 51.76 101.61
12:27:25 0.11 51.76 101.61
12:27:26 0.43 51.76 101.61
12:27:27 -0.18 51.73 101.61
12:27:28 -0.09 51.73 101.61
12:27:29 0.03 51.76 101.61
12:27:30 0.24 51.76 101.63
12:27:31 -0.16 51.76 101.62
12:27:32 0.23 51.76 101.61
12:27:33 0.08 51.76 101.61
12:27:34 0.03 51.76 101.61
12:27:35 0.49 51.76 101.61
12:27:36 -0.22 51.76 101.61
12:27:37 -0.14 51.76 101.59
12:27:38 -0.06 51.76 101.61
12:27:39 -0.09 51.76 101.61
12:27:40 0.49 51.76 101.61
12:27:41 4.16 51.76 101.61
12:27:42 10.51 51.76 101.61
12:27:43 17.41 51.73 101.61
12:27:44 20.17 51.73 101.61
12:27:45 25.55 51.73 101.61
12:27:46 29.35 51.73 101.61
12:27:47 31.97 51.76 101.61
12:27:48 32.69 51.76 101.61
12:27:49 31.54 51.76 101.61
12:27:50 27.68 51.76 101.61
12:27:51 22.98 51.76 101.59
12:27:52 18.87 51.76 101.61
12:27:53 15.42 51.76 101.61
12:27:54 12.45 51.76 101.59
12:27:55 10.29 51.76 101.61
12:27:56 8.52 51.73 101.61
12:27:57 7.09 51.73 101.59
12:27:58 6.07 51.73 101.59
12:27:59 5.45 51.73 101.61
12:28:00 4.26 51.73 101.59
12:28:01 3.20 51.76 101.61
12:28:02 3.09 51.76 101.61
12:28:03 2.82 51.76 101.59
12:28:04 2.23 51.76 101.61
12:28:05 2.00 51.73 101.61
12:28:06 1.56 51.73 101.61
12:28:07 1.12 51.76 101.59
12:28:08 1.30 51.76 101.61
12:28:09 0.90 51.73 101.61
12:28:10 0.89 51.73 101.61
12:28:11 0.70 51.73 101.61
12:28:12 0.65 51.76 101.59
12:28:13 0.70 51.76 101.59
12:28:14 0.42 51.76 101.61
12:28:15 0.46 51.76 101.61
12:28:16 0.65 51.76 101.61
12:28:17 0.49 51.76 101.61
12:28:18 -0.07 51.76 101.61
12:28:19 -0.23 51.76 101.61
12:28:20 -0.02 51.76 101.61
12:28:22 0.47 51.76 101.63
12:28:23 -0.01 51.76 101.63
12:28:24 0.12 51.76 101.61
12:28:25 0.11 51.76 101.59
12:28:26 0.32 51.76 101.61
12:28:27 0.30 51.76 101.61
12:28:28 0.62 51.76 101.59
12:28:29 -0.13 51.76 101.59
12:28:30 -0.11 51.76 101.61
12:28:31 0.49 51.73 101.59
12:28:32 1.34 51.73 101.61
12:28:33 6.09 51.73 101.61
12:28:34 12.71 51.76 101.61
12:28:35 19.42 51.76 101.61
12:28:36 24.37 51.76 101.59
12:28:37 28.48 51.76 101.61
12:28:38 31.74 51.76 101.61
12:28:39 32.56 51.73 101.61
12:28:40 31.94 51.73 101.61
12:28:41 30.43 51.76 101.61
12:28:42 26.10 51.76 101.61
12:28:43 21.34 51.73 101.61
12:28:44 17.55 51.73 101.59
12:28:45 14.16 51.76 101.61
12:28:46 11.70 51.76 101.61
12:28:47 9.47 51.73 101.61
12:28:48 8.15 51.73 101.61
12:28:49 6.55 51.76 101.61
12:28:50 5.97 51.76 101.61
12:28:51 4.81 51.76 101.59
12:28:52 4.29 51.76 101.61
12:28:53 3.22 51.73 101.61
12:28:54 2.96 51.73 101.61
12:28:55 2.52 51.76 101.61
12:28:56 1.96 51.76 101.61
12:28:57 1.62 51.76 101.61
12:28:58 1.77 51.76 101.61
12:28:59 1.44 51.76 101.59
12:29:00 1.13 51.76 101.61
12:29:01 0.93 51.76 101.61
12:29:02 0.89 51.76 101.61
12:29:03 0.58 51.76 101.61
12:29:04 0.61 51.73 101.61
12:29:05 1.02 51.73 101.61
12:29:06 0.56 51.76 101.61
12:29:07 0.46 51.76 101.61
12:29:08 0.62 51.76 101.59
12:29:09 0.21 51.76 101.61
12:29:10 0.49 51.76 101.61
12:29:11 0.49 51.76 101.61
12:29:12 0.38 51.76 101.61
12:29:13 -0.07 51.76 101.59
12:29:14 0.40 51.76 101.59
12:29:15 0.25 51.76 101.61
12:29:16 0.35 51.73 101.61
12:29:17 0.10 51.73 101.59
12:29:18 0.17 51.73 101.61
12:29:19 0.15 51.76 101.59
12:29:20 0.33 51.73 101.61
12:29:21 0.14 51.73 101.61
12:29:22 -0.06 51.76 101.61
12:29:23 0.36 51.76 101.61
12:29:24 0.29 51.76 101.61
12:29:25 0.07 51.76 101.61
12:29:26 0.06 51.76 101.61
12:29:27 0.08 51.76 101.61
12:29:28 0.35 51.73 101.59
12:29:29 -0.19 51.73 101.61
12:29:30 0.39 51.76 101.61
12:29:31 0.25 51.73 101.61
12:29:32 0.38 51.73 101.61
12:29:33 0.16 51.73 101.61
12:29:35 -0.44 51.73 101.61
12:29:36 0.33 51.76 101.59
12:29:37 -0.14 51.76 101.61
12:29:38 0.30 51.73 101.59
12:29:39 0.02 51.73 101.61
12:29:40 0.15 51.76 101.61
12:29:41 0.02 51.76 101.61
12:29:42 0.12 51.73 101.61
12:29:43 -0.43 51.73 101.61
12:29:44 0.17 51.76 101.61
12:29:45 0.42 51.76 101.61
12:29:46 -0.13 51.76 101.61
12:29:47 0.06 51.76 101.61
12:29:48 0.51 51.76 101.61
12:29:49 0.05 51.76 101.61
12:29:50 0.03 51.76 101.61
12:29:51 -0.24 51.76 101.59
12:29:52 0.17 51.76 101.61
12:29:53 0.26 51.76 101.61
12:29:54 0.02 51.76 101.61
12:29:55 0.14 51.73 101.61
12:29:56 0.10 51.73 101.61
12:29:57 0.08 51.76 101.61
12:29:58 0.17 51.76 101.59
12:29:59 0.24 51.76 101.61
12:30:00 0.36 51.76 101.61
12:30:01 -0.08 51.76 101.61
12:30:02 -0.02 51.76 101.61
12:30:03 0.26 51.76 101.61
12:30:04 0.05 51.76 101.61
12:30:05 0.23 51.73 101.61
12:30:06 -0.25 51.73 101.61
12:30:07 0.02 51.76 101.61
12:30:08 0.28 51.76 101.61
12:30:09 0.32 51.76 101.59
12:30:10 0.43 51.76 101.61
12:30:11 -0.06 51.76 101.61
12:30:12 0.04 51.76 101.61
12:30:13 0.46 51.76 101.61
12:30:14 0.09 51.76 101.61
12:30:15 -0.03 51.76 101.61
12:30:16 -0.01 51.76 101.61
12:30:17 0.29 51.76 101.61
12:30:18 0.38 51.76 101.61
12:30:19 0.16 51.73 101.61
12:30:20 0.23 51.73 101.59
12:30:21 -0.08 51.73 101.61
12:30:22 0.04 51.73 101.61
12:30:23 -0.48 51.76 101.61
12:30:24 0.43 51.76 101.61
12:30:25 0.33 51.73 101.59
12:30:26 0.02 51.73 101.61
12:30:27 0.28 51.73 101.61
12:30:28 0.40 51.73 101.61
12:30:29 0.06 51.73 101.61
12:30:30 -0.12 51.76 101.61
12:30:31 -0.09 51.76 101.61
12:30:32 0.67 51.73 101.61
12:30:33 -0.06 51.73 101.61
12:30:34 -0.21 51.76 101.59
12:30:35 0.41 51.76 101.60
12:30:36 0.16 51.76 101.60
12:30:37 -0.00 51.76 101.61
12:30:38 0.07 51.73 101.61
12:30:39 0.72 51.73 101.59
12:30:40 -0.03 51.76 101.61
12:30:41 0.22 51.76 101.61
12:30:42 0.51 51.76 101.61
12:30:43 -0.02 51.76 101.59
12:30:44 0.18 51.76 101.61
12:30:45 0.27 51.76 101.61
12:30:46 0.11 51.76 101.59
12:30:48 0.30 51.76 101.61
12:30:49 0.41 51.73 101.61
12:30:50 0.02 51.73 101.61
12:30:51 0.32 51.76 101.59
12:30:52 -0.16 51.76 101.61
12:30:53 0.42 51.76 101.61
12:30:54 -0.12 51.76 101.59
12:30:55 0.41 51.76 101.61
12:30:56 0.38 51.76 101.59
12:30:57 0.12 51.76 101.59
12:30:58 0.04 51.76 101.61
12:30:59 0.03 51.76 101.59
12:31:00 -0.25 51.76 101.61
12:31:01 0.45 51.73 101.61
12:31:02 0.04 51.73 101.61
12:31:03 0.59 51.76 101.60
12:31:04 0.05 51.76 101.58
12:31:05 0.10 51.76 101.61
12:31:06 0.07 51.76 101.61
12:31:07 0.09 51.76 101.61
12:31:08 0.22 51.76 101.61
12:31:09 0.74 51.76 101.63
12:31:10 -0.35 51.76 101.61
12:31:11 0.00 51.76 101.61
12:31:12 0.25 51.73 101.60
12:31:13 -0.17 51.73 101.58
12:31:14 -0.05 51.76 101.61
12:31:15 -0.00 51.73 101.61
12:31:16 0.03 51.73 101.59
12:31:17 0.48 51.76 101.61
12:31:18 0.05 51.76 101.61
12:31:19 4.90 51.76 101.59
12:31:20 27.38 51.76 101.59
12:31:21 65.94 51.73 101.61
12:31:22 85.74 51.73 101.59
12:31:23 119.34 51.73 101.61
12:31:24 144.79 51.76 101.61
12:31:25 163.42 51.76 101.60
12:31:26 175.34 51.73 101.58
12:31:27 177.35 51.73 101.61
12:31:28 166.90 51.76 101.58
12:31:29 145.56 51.76 101.60
12:31:30 121.75 51.76 101.60
12:31:31 98.64 51.73 101.60
12:31:32 80.00 51.73 101.60
12:31:33 65.31 51.76 101.60
12:31:34 54.20 51.76 101.59
12:31:35 45.30 51.76 101.61
12:31:36 37.62 51.73 101.60
12:31:37 31.53 51.73 101.60
12:31:38 26.51 51.76 101.60
12:31:39 22.47 51.76 101.60
12:31:40 19.41 51.76 101.61
12:31:41 15.82 51.76 101.61
12:31:42 13.74 51.76 101.61
12:31:43 11.66 51.76 101.59
12:31:44 10.09 51.76 101.60
12:31:45 8.53 51.76 101.60
12:31:46 7.31 51.76 101.59
12:31:47 5.78 51.76 101.61
12:31:48 4.97 51.76 101.61
12:31:49 4.38 51.76 101.61
12:31:50 3.79 51.73 101.61
12:31:51 3.05 51.73 101.59
12:31:52 2.64 51.76 101.58
12:31:53 2.34 51.76 101.60
12:31:54 2.23 51.76 101.61
12:31:55 1.23 51.73 101.61
12:31:56 1.44 51.73 101.61
12:31:57 1.53 51.73 101.61
12:31:58 1.30 51.73 101.59
12:31:59 0.91 51.76 101.61
12:32:00 0.95 51.76 101.61
12:32:02 1.05 51.76 101.60
12:32:03 0.73 51.76 101.60
12:32:04 0.65 51.76 101.58
12:32:05 0.54 51.76 101.60
12:32:06 0.65 51.76 101.60
12:32:07 0.62 51.76 101.60
12:32:08 0.22 51.76 101.60
12:32:09 0.72 51.76 101.60
12:32:10 0.32 51.76 101.58
12:32:11 0.25 51.76 101.60
12:32:12 0.19 51.76 101.60
12:32:13 0.04 51.73 101.60
12:32:14 0.65 51.73 101.60
12:32:15 0.04 51.76 101.61
12:32:16 0.58 51.76 101.63
12:32:17 0.13 51.76 101.61
12:32:18 0.08 51.76 101.61
12:32:19 0.36 51.76 101.60
12:32:20 0.61 51.76 101.58
12:32:21 0.25 51.76 101.60
12:32:22 -0.16 51.76 101.60
12:32:23 0.45 51.76 101.60
12:32:24 0.38 51.76 101.60
12:32:25 0.18 51.73 101.60
12:32:26 6.47 51.73 101.60
12:32:27 31.80 51.76 101.60
12:32:28 69.15 51.73 101.60
12:32:29 105.22 51.73 101.60
12:32:30 132.83 51.73 101.60
12:32:31 152.59 51.76 101.60
12:32:32 166.45 51.76 101.60
12:32:33 171.76 51.76 101.61
12:32:34 165.62 51.73 101.60
12:32:35 148.85 51.73 101.60
12:32:36 126.06 51.76 101.60
12:32:37 102.55 51.76 101.60
12:32:38 83.25 51.76 101.60
12:32:39 68.14 51.76 101.60
12:32:40 56.10 51.76 101.58
12:32:41 46.75 51.76 101.60
12:32:42 38.86 51.76 101.60
12:32:43 32.74 51.76 101.60
12:32:44 27.96 51.76 101.60
12:32:45 23.56 51.76 101.60
12:32:46 19.69 51.76 101.60
12:32:47 16.74 51.76 101.60
12:32:48 14.31 51.76 101.58
12:32:49 11.41 51.76 101.58
12:32:50 10.14 51.76 101.60
12:32:51 9.01 51.76 101.60
12:32:52 7.33 51.76 101.60
12:32:53 6.13 51.76 101.58
12:32:54 5.09 51.76 101.58
12:32:55 4.75 51.76 101.60
12:32:56 3.67 51.76 101.60
12:32:57 3.20 51.76 101.60
12:32:58 2.83 51.76 101.60
12:32:59 2.26 51.76 101.60
12:33:00 2.31 51.76 101.60
12:33:01 1.84 51.76 101.58
12:33:02 1.48 51.76 101.60
12:33:03 1.59 51.76 101.58
12:33:04 1.22 51.76 101.60
12:33:05 1.29 51.76 101.60
12:33:06 0.96 51.73 101.60
12:33:07 1.00 51.73 101.60
12:33:08 1.05 51.76 101.58
12:33:09 0.54 51.73 101.60
12:33:10 0.31 51.73 101.58
12:33:11 0.92 51.76 101.60
12:33:12 0.56 51.76 101.60
12:33:13 0.23 51.76 101.60
12:33:15 0.59 51.76 101.60
12:33:16 0.60 51.76 101.60
12:33:17 0.27 51.76 101.58
12:33:18 0.47 51.76 101.60
12:33:19 0.50 51.76 101.60
12:33:20 0.18 51.73 101.60
12:33:21 0.52 51.73 101.60
12:33:22 0.18 51.76 101.60
12:33:23 0.58 51.76 101.60
12:33:24 0.07 51.76 101.60
12:33:25 0.26 51.76 101.60
12:33:26 -0.06 51.76 101.60
12:33:27 0.46 51.76 101.60
12:33:28 0.12 51.76 101.61
12:33:29 0.40 51.73 101.61
12:33:30 0.05 51.73 101.60
12:33:31 0.26 51.76 101.60
12:33:32 0.34 51.76 101.60
12:33:33 0.03 51.76 101.60
12:33:34 0.21 51.76 101.60
12:33:35 0.11 51.73 101.60
12:33:36 0.37 51.73 101.60
12:33:37 0.46 51.76 101.58
12:33:38 1.16 51.76 101.60
12:33:39 10.20 51.76 101.60
12:33:40 30.39 51.76 101.60
12:33:41 53.49 51.76 101.60
12:33:42 72.84 51.76 101.60
12:33:43 86.39 51.73 101.60
12:33:44 96.87 51.73 101.60
12:33:45 103.25 51.76 101.60
12:33:46 102.62 51.76 101.58
12:33:47 95.16 51.76 101.60
12:33:48 82.49 51.76 101.60
12:33:49 67.37 51.73 101.60
12:33:50 55.26 51.73 101.60
12:33:51 43.65 51.73 101.58
12:33:52 36.51 51.76 101.60
12:33:53 30.11 51.76 101.60
12:33:54 24.65 51.76 101.60
12:33:55 20.94 51.76 101.60
12:33:56 17.60 51.76 101.60
12:33:57 15.13 51.76 101.60
12:33:58 12.89 51.76 101.60
12:33:59 10.34 51.76 101.60
12:34:00 9.08 51.76 101.60
12:34:01 7.50 51.76 101.60
12:34:02 6.53 51.76 101.60
12:34:03 5.51 51.76 101.58
12:34:04 4.89 51.76 101.60
12:34:05 4.33 51.76 101.60
12:34:06 3.68 51.73 101.60
12:34:07 3.36 51.73 101.60
12:34:08 2.90 51.76 101.58
12:34:09 1.92 51.76 101.60
12:34:10 1.92 51.76 101.60
12:34:11 1.52 51.76 101.60
12:34:12 1.29 51.76 101.60
12:34:13 1.29 51.76 101.58
12:34:14 0.85 51.76 101.60
12:34:15 0.85 51.76 101.60
12:34:16 1.04 51.76 101.60
12:34:17 0.36 51.76 101.60
12:34:18 0.78 51.76 101.60
12:34:19 0.39 51.76 101.60
12:34:20 0.43 51.76 101.60
12:34:21 0.46 51.76 101.58
12:34:22 0.44 51.76 101.58
12:34:23 0.82 51.76 101.60
12:34:24 -0.19 51.76 101.58
12:34:25 0.15 51.76 101.60
12:34:26 0.01 51.76 101.58
12:34:28 0.38 51.76 101.60
12:34:29 -0.21 51.76 101.58
12:34:30 0.38 51.76 101.60
12:34:31 0.47 51.73 101.60
12:34:32 0.41 51.73 101.60
12:34:33 -0.11 51.76 101.60
12:34:34 0.08 51.73 101.58
12:34:35 0.57 51.73 101.60
12:34:36 -0.16 51.76 101.60
12:34:37 -0.15 51.76 101.61
12:34:38 0.28 51.76 101.61
12:34:39 0.21 51.76 101.61
12:34:40 0.08 51.76 101.60
12:34:41 0.13 51.73 101.58
12:34:42 0.05 51.73 101.60
12:34:43 0.24 51.76 101.60
12:34:44 0.30 51.73 101.60
12:34:45 0.11 51.73 101.60
12:34:46 -0.16 51.76 101.60
12:34:47 0.66 51.76 101.60
12:34:48 7.65 51.76 101.60
12:34:49 30.41 51.76 101.58
12:34:50 61.52 51.73 101.60
12:34:51 88.94 51.73 101.60
12:34:52 109.72 51.76 101.58
12:34:53 124.78 51.76 101.60
12:34:54 134.99 51.76 101.58
12:34:55 137.66 51.73 101.58
12:34:56 131.24 51.73 101.60
12:34:57 115.70 51.73 101.60
12:34:58 96.68 51.76 101.60
12:34:59 87.23 51.76 101.60
12:35:00 70.62 51.76 101.58
12:35:01 57.55 51.76 101.60
12:35:02 46.63 51.76 101.58
12:35:03 38.84 51.76 101.58
12:35:04 32.58 51.76 101.58
12:35:05 26.75 51.76 101.58
12:35:06 23.37 51.76 101.60
12:35:07 19.19 51.76 101.60
12:35:08 16.12 51.76 101.60
12:35:09 14.02 51.76 101.58
12:35:10 11.52 51.76 101.60
12:35:11 9.93 51.76 101.58
12:35:12 8.30 51.76 101.60
12:35:13 6.74 51.76 101.58
12:35:14 6.17 51.76 101.60
12:35:15 5.40 51.76 101.60
12:35:16 4.10 51.76 101.60
12:35:17 3.60 51.76 101.60
12:35:18 2.99 51.76 101.58
12:35:19 2.29 51.76 101.60
12:35:20 2.44 51.76 101.60
12:35:21 2.14 51.76 101.60
12:35:22 1.96 51.76 101.58
12:35:23 1.44 51.76 101.58
12:35:24 0.87 51.76 101.58
12:35:25 1.26 51.76 101.60
12:35:26 0.60 51.76 101.60
12:35:27 0.70 51.76 101.60
12:35:28 0.81 51.76 101.60
12:35:29 0.68 51.76 101.58
12:35:30 0.49 51.76 101.60
12:35:31 0.39 51.76 101.60
12:35:32 0.38 51.76 101.60
12:35:33 0.42 51.76 101.58
12:35:34 0.42 51.76 101.60
12:35:35 0.24 51.73 101.60
12:35:36 0.04 51.73 101.60
12:35:37 0.55 51.76 101.60
12:35:38 0.68 51.76 101.60
12:35:40 -0.09 51.76 101.58
12:35:41 0.08 51.76 101.60
12:35:42 0.55 51.76 101.60
12:35:43 -0.02 51.76 101.60
12:35:44 0.01 51.76 101.60
12:35:45 0.45 51.76 101.60
12:35:46 0.43 51.76 101.60
12:35:47 0.68 51.76 101.60
12:35:48 0.05 51.76 101.60
12:35:49 0.30 51.76 101.60
12:35:50 0.31 51.73 101.58
12:35:51 0.11 51.73 101.60
12:35:52 0.06 51.76 101.58
12:35:53 0.48 51.76 101.60
12:35:54 0.03 51.76 101.58
12:35:55 0.27 51.76 101.60
12:35:56 -0.12 51.76 101.60
12:35:57 0.61 51.76 101.60
12:35:58 0.01 51.76 101.60
12:35:59 0.10 51.76 101.60
12:36:00 0.34 51.76 101.60
12:36:01 -0.07 51.76 101.58
12:36:02 -0.11 51.76 101.60
12:36:03 -0.13 51.76 101.60
12:36:04 0.76 51.76 101.60
12:36:05 0.20 51.76 101.60
12:36:06 0.13 51.76 101.60
12:36:07 0.41 51.76 101.60
12:36:08 0.16 51.76 101.60
12:36:09 -0.06 51.76 101.60
12:36:10 0.14 51.76 101.60
12:36:11 0.38 51.73 101.60
12:36:12 0.21 51.73 101.60
12:36:13 0.09 51.76 101.58
12:36:14 0.12 51.76 101.60
12:36:15 0.38 51.76 101.58
12:36:16 -0.16 51.76 101.60
12:36:17 0.56 51.76 101.60
12:36:18 -0.37 51.73 101.58
12:36:19 0.54 51.73 101.58
12:36:20 0.21 51.76 101.60
12:36:21 0.05 51.76 101.60
12:36:22 -0.15 51.76 101.60
12:36:23 0.18 51.76 101.58
12:36:24 -0.29 51.76 101.60
12:36:25 0.27 51.76 101.60
12:36:26 0.26 51.76 101.60
12:36:27 -0.07 51.76 101.60
12:36:28 -0.28 51.76 101.58
12:36:29 0.11 51.76 101.60
12:36:30 0.22 51.76 101.60
12:36:31 0.20 51.76 101.58
12:36:32 0.15 51.76 101.60
12:36:33 0.19 51.76 101.60
12:36:34 0.23 51.76 101.60
12:36:35 0.12 51.76 101.60
12:36:36 0.02 51.76 101.60
12:36:37 0.24 51.76 101.60
12:36:38 0.28 51.76 101.60
12:36:39 -0.10 51.76 101.60
12:36:40 0.43 51.76 101.58
12:36:41 -0.06 51.76 101.58
12:36:42 0.45 51.76 101.58
12:36:43 -0.10 51.76 101.58
12:36:44 0.27 51.76 101.60
12:36:45 0.14 51.76 101.60
12:36:46 0.32 51.76 101.60
12:36:47 0.30 51.76 101.60
12:36:48 -0.07 51.76 101.58
12:36:49 0.24 51.76 101.58
12:36:50 0.25 51.76 101.60
12:36:51 0.17 51.76 101.60
12:36:53 0.40 51.76 101.60
12:36:54 0.08 51.76 101.58
12:36:55 -0.07 51.73 101.60
12:36:56 0.09 51.73 101.58
12:36:57 0.28 51.76 101.58
12:36:58 0.23 51.76 101.58
12:36:59 0.26 51.76 101.60
12:37:00 -0.46 51.76 101.60
12:37:01 -0.05 51.76 101.60
12:37:02 0.16 51.76 101.60
12:37:03 0.56 51.76 101.60
12:37:04 -0.01 51.76 101.60
12:37:05 0.07 51.76 101.60
12:37:06 -0.09 51.76 101.60
12:37:07 0.08 51.76 101.60
12:37:08 0.43 51.76 101.60
12:37:09 -0.08 51.73 101.58
12:37:10 0.19 51.73 101.58
12:37:11 0.26 51.73 101.60
12:37:12 0.07 51.76 101.60
12:37:13 0.25 51.76 101.60
12:37:14 0.22 51.76 101.60
12:37:15 0.24 51.76 101.58
12:37:16 0.03 51.76 101.60
12:37:17 0.36 51.76 101.60
12:37:18 -0.43 51.76 101.60
12:37:19 -0.14 51.76 101.60
12:37:20 0.16 51.76 101.60
12:37:21 0.29 51.76 101.59
12:37:22 0.11 51.76 101.57
12:37:23 -0.02 51.76 101.58
12:37:24 -0.44 51.76 101.60
12:37:25 0.35 51.76 101.60
12:37:26 0.34 51.76 101.60
12:37:27 -0.06 51.76 101.60
12:37:28 0.03 51.76 101.58
12:37:29 0.23 51.76 101.58
12:37:30 0.09 51.76 101.58
12:37:31 0.20 51.73 101.60
12:37:32 -0.06 51.73 101.60
12:37:33 0.01 51.76 101.60
12:37:34 0.35 51.76 101.60
12:37:35 -0.06 51.76 101.60
12:37:36 0.26 51.76 101.58
12:37:37 -0.02 51.76 101.60
12:37:38 -0.28 51.76 101.59
12:37:39 0.28 51.76 101.59
12:37:40 0.06 51.73 101.57
12:37:41 0.06 51.73 101.59
12:37:42 0.08 51.76 101.59
12:37:43 -0.03 51.76 101.59
12:37:44 0.22 51.76 101.59
12:37:45 -0.26 51.76 101.59
12:37:46 -0.02 51.76 101.59
12:37:47 0.08 51.76 101.59
12:37:48 0.18 51.76 101.57
12:37:49 -0.21 51.76 101.59
12:37:50 0.23 51.73 101.59
12:37:51 0.16 51.73 101.59
12:37:52 0.31 51.76 101.59
12:37:53 0.11 51.76 101.59
12:37:54 0.03 51.76 101.59
12:37:55 0.09 51.76 101.59
12:37:56 0.05 51.76 101.59
12:37:57 -0.19 51.76 101.59
12:37:58 0.28 51.73 101.59
12:37:59 0.04 51.73 101.59
12:38:00 -0.05 51.76 101.59
12:38:01 0.43 51.76 101.59
12:38:02 -0.26 51.73 101.59
12:38:04 0.63 51.73 101.57
12:38:05 -0.19 51.73 101.59
12:38:06 0.26 51.73 101.59
12:38:07 0.31 51.76 101.59
12:38:08 0.03 51.76 101.60
12:38:09 0.58 51.76 101.59
12:38:10 -0.01 51.76 101.59
12:38:11 -0.24 51.76 101.59
12:38:12 0.12 51.76 101.59
12:38:13 0.24 51.73 101.59
12:38:14 0.15 51.73 101.59
12:38:15 0.20 51.76 101.59
12:38:16 -0.30 51.76 101.59
12:38:17 0.35 51.76 101.59
12:38:18 0.21 51.76 101.57
12:38:19 -0.17 51.76 101.59
12:38:20 -0.18 51.76 101.59
12:38:21 0.39 51.76 101.59
12:38:22 0.17 51.76 101.59
12:38:23 0.24 51.76 101.57
12:38:24 -0.07 51.76 101.59
12:38:25 -0.43 51.76 101.57
12:38:26 0.22 51.76 101.59
12:38:27 0.39 51.76 101.60
12:38:28 0.01 51.76 101.60
12:38:29 0.20 51.76 101.60
12:38:30 -0.30 51.76 101.59
12:38:31 -0.03 51.76 101.57
12:38:32 0.54 51.76 101.59
12:38:33 0.02 51.76 101.59
12:38:34 0.20 51.76 101.59
12:38:35 -0.11 51.73 101.57
12:38:36 -1.08 51.73 101.59
12:38:37 0.23 51.76 101.59
12:38:38 54.21 51.76 101.59
12:38:39 258.07 51.76 101.59
12:38:40 577.90 51.76 101.59
12:38:41 862.50 51.76 101.59
12:38:42 1065.92 51.76 101.59
12:38:43 1211.45 51.76 101.59
12:38:44 1311.93 51.76 101.59
12:38:45 1351.99 51.76 101.59
12:38:46 1298.95 51.76 101.59
12:38:47 1158.91 51.76 101.59
12:38:48 977.00 51.76 101.57
12:38:49 794.97 51.73 101.59
12:38:50 641.28 51.73 101.57
12:38:51 519.30 51.76 101.57
12:38:52 424.09 51.76 101.59
12:38:53 350.50 51.76 101.59
12:38:54 291.00 51.73 101.57
12:38:55 244.18 51.73 101.59
12:38:56 204.30 51.76 101.59
12:38:57 171.82 51.76 101.59
12:38:58 145.61 51.76 101.59
12:38:59 122.28 51.76 101.59
12:39:00 103.79 51.76 101.59
12:39:01 87.83 51.76 101.59
12:39:02 74.23 51.76 101.59
12:39:03 63.48 51.76 101.59
12:39:04 53.90 51.76 101.59
12:39:05 46.03 51.76 101.59
12:39:06 38.86 51.76 101.59
12:39:07 33.03 51.73 101.57
12:39:08 28.32 51.73 101.57
12:39:09 24.04 51.76 101.59
12:39:10 20.47 51.76 101.57
12:39:11 17.68 51.76 101.59
12:39:12 14.79 51.76 101.59
12:39:13 12.99 51.76 101.59
12:39:14 11.19 51.76 101.59
12:39:15 9.69 51.76 101.59
12:39:17 8.21 51.76 101.59
12:39:18 7.42 51.76 101.59
12:39:19 6.49 51.76 101.59
12:39:20 5.56 51.76 101.59
12:39:21 4.54 51.76 101.59
12:39:22 4.39 51.76 101.59
12:39:23 3.46 51.73 101.57
12:39:24 3.25 51.73 101.57
12:39:25 2.94 51.76 101.59
12:39:26 2.52 51.76 101.59
12:39:27 2.52 51.76 101.59
12:39:28 2.94 51.76 101.57
12:39:29 1.85 51.76 101.59
12:39:30 1.33 51.76 101.59
12:39:31 1.75 51.76 101.57
12:39:32 1.61 51.76 101.57
12:39:33 1.57 51.76 101.57
12:39:34 1.04 51.76 101.59
12:39:35 1.13 51.76 101.59
12:39:36 1.47 51.76 101.57
12:39:37 1.10 51.76 101.59
12:39:38 1.04 51.76 101.57
12:39:39 1.27 51.76 101.59
12:39:40 0.83 51.76 101.59
12:39:41 0.88 51.76 101.59
12:39:42 1.21 51.76 101.59
12:39:43 0.95 51.76 101.57
12:39:44 1.00 51.76 101.59
12:39:45 0.74 51.76 101.57
12:39:46 0.73 51.76 101.59
12:39:47 0.80 51.76 101.57
12:39:48 0.80 51.76 101.60
12:39:49 0.36 51.76 101.60
12:39:50 0.38 51.76 101.59
12:39:51 1.20 51.76 101.59
12:39:52 0.53 51.76 101.59
12:39:53 0.90 51.76 101.59
12:39:54 0.49 51.76 101.59
12:39:55 0.49 51.76 101.57
12:39:56 0.15 51.73 101.59
12:39:57 2.24 51.73 101.59
12:39:58 68.73 51.76 101.59
12:39:59 291.98 51.76 101.59
12:40:00 614.30 51.76 101.59
12:40:01 891.15 51.76 101.57
12:40:02 1087.16 51.76 101.59
12:40:03 1227.45 51.76 101.59
12:40:04 1324.62 51.76 101.59
12:40:05 1355.70 51.76 101.59
12:40:06 1292.04 51.76 101.59
12:40:07 1145.21 51.76 101.59
12:40:08 961.79 51.76 101.57
12:40:09 783.00 51.76 101.59
12:40:10 633.44 51.76 101.57
12:40:11 514.04 51.76 101.59
12:40:12 420.84 51.76 101.59
12:40:13 348.05 51.76 101.59
12:40:14 290.00 51.76 101.59
12:40:15 242.27 51.76 101.59
12:40:16 203.76 51.76 101.57
12:40:17 171.08 51.76 101.57
12:40:18 145.13 51.76 101.59
12:40:19 122.57 51.76 101.59
12:40:20 103.45 51.76 101.59
12:40:21 87.95 51.76 101.59
12:40:22 74.16 51.76 101.59
12:40:23 63.09 51.76 101.59
12:40:24 53.48 51.76 101.59
12:40:25 49.56 51.76 101.57
12:40:26 41.49 51.73 101.59
12:40:27 35.80 51.73 101.59
12:40:29 30.53 51.76 101.59
12:40:30 26.26 51.76 101.57
12:40:31 21.92 51.76 101.59
12:40:32 19.15 51.76 101.59
12:40:33 16.02 51.73 101.57
12:40:34 14.31 51.73 101.57
12:40:35 12.03 51.76 101.59
12:40:36 10.36 51.76 101.59
12:40:37 8.92 51.76 101.59
12:40:38 8.14 51.76 101.57
12:40:39 6.79 51.76 101.59
12:40:40 6.03 51.76 101.59
12:40:41 5.22 51.76 101.59
12:40:42 4.68 51.76 101.59
12:40:43 4.29 51.76 101.59
12:40:44 3.59 51.73 101.57
12:40:45 3.30 51.73 101.57
12:40:46 2.96 51.76 101.59
12:40:47 2.60 51.76 101.59
12:40:48 2.59 51.76 101.59
12:40:49 2.07 51.76 101.59
12:40:50 2.02 51.76 101.57
12:40:51 2.13 51.76 101.59
12:40:52 1.63 51.76 101.59
12:40:53 1.63 51.73 101.59
12:40:54 1.23 51.73 101.59
12:40:55 1.45 51.76 101.57
12:40:56 1.47 51.76 101.59
12:40:57 1.68 51.76 101.59
12:40:58 1.05 51.76 101.57
12:40:59 1.54 51.76 101.59
12:41:00 1.01 51.76 101.57
12:41:01 0.88 51.76 101.57
12:41:02 0.69 51.76 101.57
12:41:03 0.78 51.76 101.57
12:41:04 0.92 51.76 101.59
12:41:05 1.03 51.76 101.57
12:41:06 0.91 51.76 101.59
12:41:07 0.80 51.76 101.59
12:41:08 0.91 51.76 101.59
12:41:09 0.55 51.73 101.59
12:41:10 0.76 51.73 101.57
12:41:11 1.25 51.76 101.59
12:41:12 0.91 51.76 101.60
12:41:13 0.42 51.76 101.60
12:41:14 0.50 51.76 101.59
12:41:15 0.62 51.76 101.57
12:41:16 0.68 51.76 101.59
12:41:17 0.83 51.76 101.59
12:41:18 0.80 51.76 101.59
12:41:19 0.90 51.76 101.59
12:41:20 0.68 51.76 101.57
12:41:21 0.31 51.76 101.59
12:41:22 3.21 51.76 101.59
12:41:23 77.54 51.76 101.59
12:41:24 312.76 51.76 101.59
12:41:25 640.63 51.76 101.59
12:41:26 912.30 51.76 101.59
12:41:27 1106.04 51.76 101.59
12:41:28 1245.72 51.76 101.59
12:41:29 1336.50 51.76 101.57
12:41:30 1362.84 51.76 101.59
12:41:31 1292.20 51.76 101.59
12:41:32 1140.46 51.76 101.59
12:41:33 953.85 51.76 101.59
12:41:34 773.04 51.73 101.59
12:41:35 624.64 51.73 101.57
12:41:36 507.04 51.76 101.59
12:41:37 415.69 51.76 101.59
12:41:38 344.64 51.76 101.57
12:41:39 287.11 51.76 101.57
12:41:41 240.27 51.76 101.59
12:41:42 202.17 51.76 101.59
12:41:43 171.07 51.76 101.57
12:41:44 143.79 51.76 101.59
12:41:45 121.99 51.76 101.59
12:41:46 103.08 51.76 101.57
12:41:47 87.02 51.76 101.59
12:41:48 74.01 51.76 101.55
12:41:49 62.63 51.76 101.57
12:41:50 53.51 51.76 101.57
12:41:51 45.70 51.76 101.57
12:41:52 38.72 51.76 101.59
12:41:53 32.94 51.76 101.59
12:41:54 28.23 51.76 101.57
12:41:55 23.82 51.76 101.57
12:41:56 20.47 51.76 101.59
12:41:57 17.68 51.76 101.59
12:41:58 15.40 51.76 101.57
12:41:59 12.94 51.76 101.57
12:42:00 10.91 51.76 101.57
12:42:01 10.54 51.76 101.57
12:42:02 8.18 51.76 101.59
12:42:03 7.24 51.76 101.57
12:42:04 6.46 51.76 101.57
12:42:05 6.02 51.76 101.59
12:42:06 4.67 51.73 101.57
12:42:07 4.42 51.73 101.59
12:42:08 4.29 51.76 101.57
12:42:09 3.23 51.76 101.59
12:42:10 3.35 51.76 101.57
12:42:11 2.97 51.76 101.57
12:42:12 2.80 51.76 101.59
12:42:13 2.51 51.76 101.59
12:42:14 2.08 51.76 101.59
12:42:15 2.01 51.76 101.59
12:42:16 2.61 51.76 101.57
12:42:17 1.91 51.76 101.59
12:42:18 1.53 51.76 101.59
12:42:19 1.92 51.76 101.55
12:42:20 1.90 51.76 101.57
12:42:21 1.21 51.76 101.55
12:42:22 1.42 51.76 101.55
12:42:23 1.61 51.76 101.57
12:42:24 0.85 51.76 101.55
12:42:25 1.12 51.76 101.57
12:42:26 1.50 51.76 101.57
12:42:27 1.02 51.76 101.57
12:42:28 1.42 51.76 101.57
12:42:29 1.41 51.76 101.59
12:42:30 1.15 51.76 101.59
12:42:31 0.78 51.76 101.57
12:42:32 0.95 51.76 101.57
12:42:33 1.31 51.76 101.57
12:42:34 0.89 51.76 101.57
12:42:35 0.83 51.76 101.57
12:42:36 0.71 51.76 101.57
12:42:37 1.24 51.76 101.59
12:42:38 0.77 51.76 101.57
12:42:39 1.08 51.76 101.57
12:42:40 0.57 51.76 101.57
12:42:41 1.09 51.76 101.55
12:42:42 0.20 51.76 101.55
12:42:43 1.26 51.76 101.57
12:42:44 0.83 51.76 101.55
12:42:45 0.90 51.76 101.57
12:42:46 0.78 51.76 101.57
12:42:47 0.94 51.76 101.57
12:42:48 0.79 51.76 101.57
12:42:49 0.88 51.76 101.57
12:42:50 0.58 51.76 101.57
12:42:51 0.78 51.73 101.57
12:42:52 1.00 51.73 101.57
12:42:54 0.70 51.76 101.55
12:42:55 0.38 51.76 101.57
12:42:56 0.46 51.76 101.59
12:42:57 0.61 51.76 101.55
12:42:58 0.78 51.76 101.55
12:42:59 0.82 51.76 101.57
12:43:00 0.51 51.76 101.55
12:43:01 0.70 51.76 101.57
12:43:02 0.30 51.76 101.57
12:43:03 0.64 51.76 101.57
12:43:04 0.87 51.76 101.57
12:43:05 0.37 51.76 101.57
12:43:06 0.38 51.76 101.57
12:43:07 0.45 51.76 101.55
12:43:08 0.84 51.76 101.57
12:43:09 0.91 51.76 101.57
12:43:10 0.84 51.73 101.59
12:43:11 0.15 51.73 101.59
12:43:12 0.74 51.76 101.57
12:43:13 0.90 51.76 101.57
12:43:14 0.43 51.73 101.55
12:43:15 0.37 51.73 101.57
12:43:16 0.63 51.76 101.55
12:43:17 0.53 51.76 101.57
12:43:18 0.67 51.76 101.57
12:43:19 -5.31 51.76 101.57
12:43:20 127.52 51.76 101.57
12:43:21 1017.29 51.76 101.57
12:43:22 2000.00 51.76 101.55
12:43:23 2000.00 51.76 101.55
12:43:24 2000.00 51.76 101.57
12:43:25 2000.00 51.76 101.55
12:43:26 2000.00 51.76 101.57
12:43:27 2000.00 51.76 101.55
12:43:28 2000.00 51.76 101.57
12:43:29 2000.00 51.76 101.55
12:43:30 2000.00 51.76 101.55
12:43:31 2000.00 51.76 101.57
12:43:32 2000.00 51.76 101.57
12:43:33 2000.00 51.76 101.57
12:43:34 2000.00 51.76 101.57
12:43:35 1912.71 51.76 101.55
12:43:36 1578.70 51.76 101.57
12:43:37 1312.96 51.76 101.57
12:43:38 1097.66 51.76 101.55
12:43:39 920.14 51.76 101.57
12:43:40 771.55 51.76 101.57
12:43:41 648.70 51.76 101.55
12:43:42 545.49 51.76 101.57
12:43:43 459.17 51.76 101.57
12:43:44 385.94 51.76 101.57
12:43:45 326.50 51.76 101.55
12:43:46 275.39 51.76 101.57
12:43:47 233.05 51.76 101.55
12:43:48 197.19 51.76 101.57
12:43:49 168.27 51.76 101.55
12:43:50 143.38 51.76 101.55
12:43:51 121.62 51.76 101.57
12:43:52 104.26 51.76 101.57
12:43:53 89.07 51.76 101.55
12:43:54 76.76 51.76 101.55
12:43:55 65.98 51.76 101.57
12:43:56 56.27 51.76 101.57
12:43:57 48.73 51.76 101.55
12:43:58 41.92 51.76 101.57
12:43:59 36.92 51.76 101.57
12:44:00 31.69 51.76 101.55
12:44:01 29.67 51.76 101.57
12:44:02 25.67 51.76 101.57
12:44:03 22.64 51.76 101.55
12:44:04 20.07 51.76 101.55
12:44:05 17.56 51.76 101.55
12:44:07 15.56 51.76 101.57
12:44:08 13.64 51.76 101.57
12:44:09 12.82 51.76 101.57
12:44:10 11.08 51.76 101.55
12:44:11 9.54 51.76 101.55
12:44:12 9.26 51.76 101.55
12:44:13 8.70 51.76 101.57
12:44:14 7.08 51.76 101.57
12:44:15 6.77 51.76 101.55
12:44:16 6.84 51.73 101.55
12:44:17 5.78 51.73 101.57
12:44:18 5.61 51.76 101.55
12:44:19 4.59 51.76 101.55
12:44:20 5.07 51.76 101.57
12:44:21 4.76 51.76 101.55
12:44:22 4.43 51.76 101.55
12:44:23 3.77 51.73 101.55
12:44:24 4.07 51.73 101.57
12:44:25 3.46 51.76 101.57
12:44:26 3.69 51.76 101.57
12:44:27 3.10 51.76 101.57
12:44:28 3.25 51.76 101.57
12:44:29 2.91 51.76 101.55
12:44:30 3.18 51.76 101.57
12:44:31 2.59 51.76 101.57
12:44:32 2.94 51.76 101.57
12:44:33 2.51 51.76 101.57
12:44:34 2.76 51.76 101.55
12:44:35 2.57 51.76 101.55
12:44:36 2.50 51.76 101.55
12:44:37 2.29 51.76 101.57
12:44:38 2.87 51.76 101.57
12:44:39 2.50 51.76 101.57
12:44:40 2.12 51.76 101.55
12:44:41 2.24 51.76 101.57
12:44:42 1.97 51.76 101.57
12:44:43 2.03 51.76 101.55
12:44:44 1.75 51.76 101.57
12:44:45 1.86 51.76 101.57
12:44:46 1.85 51.76 101.55
12:44:47 1.85 51.76 101.57
12:44:48 1.72 51.76 101.55
12:44:49 2.00 51.76 101.57
12:44:50 1.41 51.76 101.57
12:44:51 1.57 51.76 101.55
12:44:52 1.88 51.76 101.55
12:44:53 1.42 51.76 101.57
12:44:54 1.67 51.76 101.57
12:44:55 1.80 51.76 101.57
12:44:56 1.56 51.76 101.57
12:44:57 1.68 51.76 101.57
12:44:58 1.35 51.76 101.57
12:44:59 1.50 51.73 101.57
12:45:00 1.28 51.73 101.57
12:45:01 2.08 51.76 101.59
12:45:02 0.98 51.73 101.57
12:45:03 1.51 51.73 101.57
12:45:04 1.43 51.76 101.57
12:45:05 0.84 51.76 101.57
12:45:06 1.31 51.76 101.57
12:45:07 1.47 51.76 101.57
12:45:08 1.00 51.76 101.57
12:45:09 0.75 51.76 101.57
12:45:10 2.52 51.76 101.57
12:45:11 39.96 51.76 101.57
12:45:12 162.30 51.76 101.57
12:45:13 334.30 51.76 101.57
12:45:14 487.27 51.76 101.57
12:45:15 600.15 51.76 101.57
12:45:16 679.31 51.76 101.57
12:45:17 733.93 51.76 101.57
12:45:19 748.11 51.76 101.57
12:45:20 712.56 51.76 101.55
12:45:21 628.59 51.76 101.55
12:45:22 525.09 51.76 101.57
12:45:23 425.95 51.76 101.57
12:45:24 343.96 51.76 101.57
12:45:25 279.44 51.76 101.57
12:45:26 229.06 51.76 101.57
12:45:27 190.68 51.76 101.57
12:45:28 159.29 51.73 101.57
12:45:29 134.40 51.73 101.55
12:45:30 112.60 51.73 101.57
12:45:31 95.59 51.76 101.57
12:45:32 80.95 51.76 101.57
12:45:33 68.60 51.76 101.57
12:45:34 57.96 51.76 101.55
12:45:35 48.99 51.76 101.55
12:45:36 41.75 51.76 101.57
12:45:37 35.49 51.76 101.57
12:45:38 29.76 51.76 101.57
12:45:39 25.85 51.76 101.57
12:45:40 21.86 51.76 101.57
12:45:41 18.81 51.76 101.57
12:45:42 15.71 51.76 101.57
12:45:43 13.87 51.76 101.57
12:45:44 11.45 51.76 101.57
12:45:45 10.08 51.73 101.57
12:45:46 8.53 51.73 101.57
12:45:47 7.88 51.76 101.57
12:45:48 6.54 51.76 101.55
12:45:49 6.04 51.76 101.57
12:45:50 4.97 51.76 101.57
12:45:51 4.79 51.76 101.57
12:45:52 4.22 51.76 101.57
12:45:53 3.79 51.76 101.57
12:45:54 3.03 51.76 101.57
12:45:55 3.29 51.76 101.57
12:45:56 2.76 51.76 101.57
12:45:57 2.63 51.76 101.57
12:45:58 2.25 51.76 101.57
12:45:59 2.01 51.76 101.55
12:46:00 1.72 51.76 101.57
12:46:01 2.05 51.76 101.57
12:46:02 1.75 51.76 101.55
12:46:03 1.51 51.76 101.57
12:46:04 1.77 51.76 101.55
12:46:05 1.43 51.73 101.57
12:46:06 1.43 51.73 101.57
12:46:07 1.32 51.76 101.57
12:46:08 1.02 51.76 101.55
12:46:09 1.21 51.76 101.57
12:46:10 1.28 51.76 101.55
12:46:11 1.14 51.76 101.57
12:46:12 0.81 51.76 101.57
12:46:13 1.23 51.73 101.55
12:46:14 0.82 51.73 101.57
12:46:15 1.10 51.76 101.57
12:46:16 0.88 51.76 101.57
12:46:17 0.93 51.76 101.57
12:46:18 0.93 51.76 101.57
12:46:19 0.68 51.76 101.55
12:46:20 0.75 51.76 101.57
12:46:21 0.72 51.76 101.57
12:46:22 0.88 51.76 101.57
12:46:23 0.72 51.76 101.57
12:46:24 0.67 51.76 101.57
12:46:25 0.86 51.76 101.57
12:46:26 0.81 51.76 101.57
12:46:27 0.82 51.76 101.57
12:46:28 0.95 51.76 101.57
12:46:29 0.66 51.76 101.57
12:46:30 0.41 51.76 101.57
12:46:32 0.43 51.76 101.57
12:46:33 0.90 51.76 101.57
12:46:34 0.78 51.76 101.57
12:46:35 0.78 51.76 101.57
12:46:36 0.44 51.76 101.57
12:46:37 0.67 51.76 101.57
12:46:38 0.83 51.76 101.59
12:46:39 0.36 51.76 101.59
12:46:40 0.59 51.76 101.57
12:46:41 0.90 51.76 101.57
12:46:42 0.75 51.76 101.55
12:46:43 0.37 51.76 101.57
12:46:44 0.54 51.76 101.57
12:46:45 0.26 51.76 101.57
12:46:46 0.78 51.76 101.55
12:46:47 -0.47 51.76 101.57
12:46:48 15.35 51.76 101.57
12:46:49 185.43 51.76 101.57
12:46:50 626.14 51.76 101.55
12:46:51 1133.14 51.76 101.55
12:46:52 1519.33 51.76 101.57
12:46:53 1789.51 51.76 101.57
12:46:54 1987.49 51.76 101.57
12:46:55 2000.00 51.76 101.57
12:46:56 2000.00 51.76 101.57
12:46:57 1956.07 51.76 101.55
12:46:58 1691.99 51.76 101.55
12:46:59 1395.23 51.76 101.57
12:47:00 1126.46 51.76 101.57
12:47:01 907.15 51.76 101.57
12:47:02 737.72 51.76 101.57
12:47:03 605.19 51.76 101.57
12:47:04 501.10 51.76 101.57
12:47:05 416.88 51.76 101.57
12:47:06 348.20 51.76 101.55
12:47:07 292.28 51.76 101.55
12:47:08 245.69 51.76 101.57
12:47:09 206.85 51.76 101.55
12:47:10 174.46 51.76 101.55
12:47:11 148.20 51.73 101.57
12:47:12 125.02 51.73 101.57
12:47:13 105.89 51.76 101.57
12:47:14 89.84 51.76 101.57
12:47:15 76.44 51.76 101.57
12:47:16 65.13 51.76 101.57
12:47:17 55.51 51.76 101.57
12:47:18 47.27 51.76 101.57
12:47:19 40.47 51.76 101.57
12:47:20 33.79 51.76 101.57
12:47:21 29.97 51.76 101.55
12:47:22 24.66 51.76 101.57
12:47:23 21.85 51.76 101.57
12:47:24 18.63 51.76 101.57
12:47:25 16.24 51.76 101.57
12:47:26 13.59 51.76 101.57
12:47:27 12.11 51.76 101.57
12:47:28 10.64 51.76 101.57
12:47:29 9.40 51.76 101.57
12:47:30 7.69 51.76 101.57
12:47:31 7.10 51.76 101.57
12:47:32 6.23 51.76 101.57
12:47:33 5.55 51.76 101.57
12:47:34 5.14 51.76 101.55
12:47:35 4.29 51.76 101.57
12:47:36 4.04 51.76 101.57
12:47:37 3.69 51.76 101.57
12:47:38 3.08 51.76 101.57
12:47:39 2.54 51.76 101.57
12:47:40 3.19 51.76 101.57
12:47:41 2.78 51.76 101.57
12:47:42 2.29 51.76 101.57
12:47:44 2.12 51.76 101.55
12:47:45 2.44 51.76 101.55
12:47:46 2.21 51.76 101.57
12:47:47 1.25 51.76 101.59
12:47:48 2.31 51.76 101.57
12:47:49 1.52 51.76 101.57
12:47:50 1.60 51.76 101.55
12:47:51 1.57 51.73 101.57
12:47:52 1.45 51.73 101.57
12:47:53 1.34 51.76 101.55
12:47:54 1.31 51.76 101.57
12:47:55 1.18 51.76 101.55
12:47:56 5.17 51.76 101.57
12:47:57 29.64 51.76 101.57
12:47:58 81.35 51.76 101.57
12:47:59 136.55 51.76 101.57
12:48:00 181.56 51.76 101.57
12:48:01 214.25 51.76 101.57
12:48:02 236.31 51.76 101.57
12:48:03 249.72 51.76 101.55
12:48:04 246.49 51.76 101.57
12:48:05 226.13 51.76 101.55
12:48:06 192.61 51.76 101.57
12:48:07 158.02 51.76 101.57
12:48:08 127.64 51.76 101.57
12:48:09 104.09 51.76 101.57
12:48:10 85.46 51.76 101.57
12:48:11 70.72 51.76 101.57
12:48:12 59.14 51.76 101.57
12:48:13 49.85 51.76 101.57
12:48:14 42.17 51.76 101.57
12:48:15 35.51 51.76 101.57
12:48:16 30.77 51.76 101.57
12:48:17 25.96 51.76 101.57
12:48:18 21.57 51.76 101.55
12:48:19 18.47 51.76 101.57
12:48:20 15.81 51.76 101.57
12:48:21 13.09 51.76 101.55
12:48:22 11.57 51.76 101.57
12:48:23 10.04 51.76 101.57
12:48:24 8.48 51.76 101.55
12:48:25 7.08 51.76 101.57
12:48:26 6.69 51.76 101.57
12:48:27 5.47 51.76 101.57
12:48:28 4.76 51.76 101.55
12:48:29 4.43 51.76 101.55
12:48:30 3.66 51.76 101.57
12:48:31 3.14 51.76 101.57
12:48:32 2.69 51.76 101.57
12:48:33 2.78 51.76 101.57
12:48:34 2.49 51.76 101.57
12:48:35 1.92 51.76 101.55
12:48:36 2.09 51.76 101.57
12:48:37 2.02 51.76 101.57
12:48:38 1.68 51.76 101.57
12:48:39 1.46 51.76 101.57
12:48:40 1.47 51.76 101.57
12:48:41 1.51 51.76 101.57
12:48:42 1.27 51.76 101.57
12:48:43 1.10 51.76 101.57
12:48:44 1.09 51.76 101.57
12:48:45 1.02 51.76 101.57
12:48:46 1.05 51.76 101.57
12:48:47 1.00 51.76 101.57
12:48:48 1.04 51.76 101.57
12:48:49 0.57 51.76 101.57
12:48:50 1.11 51.76 101.55
12:48:51 1.07 51.76 101.57
12:48:52 1.02 51.76 101.57
12:48:53 0.96 51.76 101.57
12:48:54 0.33 51.76 101.57
12:48:55 0.76 51.76 101.55
12:48:57 0.93 51.76 101.57
12:48:58 0.59 51.76 101.55
12:48:59 0.42 51.76 101.57
12:49:00 1.01 51.76 101.57
12:49:01 0.72 51.73 101.57
12:49:02 0.73 51.73 101.55
12:49:03 0.72 51.76 101.55
12:49:04 0.50 51.76 101.57
12:49:05 0.62 51.76 101.55
12:49:06 0.38 51.76 101.57
12:49:07 0.62 51.76 101.57
12:49:08 0.60 51.76 101.57
12:49:09 0.82 51.76 101.57
12:49:10 0.40 51.76 101.55
12:49:11 0.78 51.76 101.57
12:49:12 0.71 51.76 101.57
12:49:13 0.57 51.76 101.57
12:49:14 0.60 51.76 101.57
12:49:15 0.43 51.76 101.55
12:49:16 0.83 51.76 101.57
12:49:17 0.34 51.76 101.57
12:49:18 0.46 51.76 101.57
12:49:19 0.58 51.76 101.55
12:49:20 0.60 51.76 101.55
12:49:21 0.25 51.76 101.57
12:49:22 0.87 51.76 101.55
12:49:23 0.40 51.76 101.57
12:49:24 0.90 51.76 101.55
12:49:25 0.64 51.76 101.57
12:49:26 0.42 51.76 101.57
12:49:27 0.37 51.76 101.55
12:49:28 0.40 51.76 101.57
12:49:29 0.21 51.76 101.57
12:49:30 0.46 51.76 101.55
12:49:31 0.33 51.76 101.57
12:49:32 0.27 51.76 101.57
12:49:33 0.39 51.76 101.55
12:49:34 0.53 51.76 101.55
12:49:35 0.28 51.76 101.55
12:49:36 0.73 51.76 101.57
12:49:37 0.44 51.76 101.57
12:49:38 0.66 51.76 101.57
12:49:39 0.44 51.76 101.55
12:49:40 0.73 51.76 101.57
12:49:41 0.63 51.76 101.57
12:49:42 0.30 51.76 101.57
12:49:43 0.54 51.76 101.55
12:49:44 0.47 51.76 101.55
12:49:45 -0.14 51.76 101.57
12:49:46 1.17 51.76 101.57
12:49:47 0.64 51.76 101.57
12:49:48 0.27 51.76 101.57
12:49:49 0.62 51.73 101.55
12:49:50 0.46 51.73 101.57
12:49:51 0.68 51.76 101.57
12:49:52 0.50 51.76 101.57
12:49:53 0.74 51.76 101.57
12:49:54 0.23 51.76 101.57
12:49:55 0.53 51.76 101.55
12:49:56 0.76 51.76 101.57
12:49:57 0.38 51.76 101.55
12:49:58 0.15 51.76 101.55
12:49:59 0.73 51.73 101.57
12:50:00 0.42 51.73 101.57
12:50:01 0.64 51.76 101.57
12:50:02 0.45 51.76 101.57
12:50:03 0.74 51.76 101.59
12:50:04 0.32 51.76 101.59
12:50:05 0.51 51.76 101.57
12:50:06 0.58 51.73 101.55
12:50:07 0.37 51.73 101.57
12:50:09 0.54 51.76 101.57
12:50:10 0.47 51.76 101.57
12:50:11 0.38 51.76 101.55
12:50:12 0.25 51.76 101.57
12:50:13 1.49 51.76 101.55
12:50:14 21.08 51.76 101.57
12:50:15 76.13 51.76 101.57
12:50:16 149.62 51.76 101.57
12:50:17 213.71 51.76 101.57
12:50:18 262.11 51.76 101.57
12:50:19 295.14 51.76 101.57
12:50:20 317.64 51.76 101.57
12:50:21 321.66 51.76 101.55
12:50:22 315.34 51.76 101.57
12:50:23 285.98 51.76 101.57
12:50:24 242.90 51.76 101.55
12:50:25 197.06 51.76 101.57
12:50:26 160.17 51.73 101.55
12:50:27 129.70 51.73 101.55
12:50:28 106.35 51.73 101.57
12:50:29 88.17 51.76 101.57
12:50:30 74.24 51.76 101.55
12:50:31 61.64 51.76 101.57
12:50:32 52.39 51.76 101.57
12:50:33 43.98 51.76 101.57
12:50:34 37.49 51.76 101.55
12:50:35 31.69 51.76 101.57
12:50:36 26.29 51.76 101.57
12:50:37 22.82 51.76 101.57
12:50:38 19.16 51.76 101.57
12:50:39 16.23 51.76 101.57
12:50:40 13.44 51.76 101.57
12:50:41 11.82 51.76 101.57
12:50:42 10.16 51.76 101.57
12:50:43 8.13 51.76 101.57
12:50:44 7.22 51.76 101.57
12:50:45 6.19 51.73 101.57
12:50:46 5.43 51.73 101.57
12:50:47 4.33 51.76 101.55
12:50:48 3.72 51.76 101.57
12:50:49 3.38 51.76 101.57
12:50:50 2.93 51.76 101.57
12:50:51 2.59 51.76 101.57
12:50:52 2.33 51.76 101.57
12:50:53 1.80 51.76 101.57
12:50:54 1.77 51.76 101.57
12:50:55 1.71 51.76 101.57
12:50:56 1.23 51.76 101.57
12:50:57 0.99 51.76 101.57
12:50:58 0.82 51.76 101.55
12:50:59 0.85 51.76 101.55
12:51:00 0.88 51.76 101.57
12:51:01 0.71 51.76 101.57
12:51:02 0.95 51.76 101.57
12:51:03 0.97 51.76 101.57
12:51:04 0.67 51.76 101.55
12:51:05 0.24 51.76 101.57
12:51:06 0.54 51.76 101.57
12:51:07 0.57 51.76 101.57
12:51:08 0.75 51.76 101.55
12:51:09 0.41 51.76 101.57
12:51:10 0.51 51.76 101.57
12:51:11 0.24 51.76 101.57
12:51:12 0.23 51.76 101.57
12:51:13 0.27 51.76 101.57
12:51:14 0.95 51.76 101.57
12:51:15 0.34 51.76 101.55
12:51:16 -0.17 51.76 101.57
12:51:17 0.78 51.76 101.57
12:51:18 0.33 51.76 101.57
12:51:19 0.31 51.76 101.57
12:51:21 0.54 51.76 101.57
12:51:22 0.07 51.76 101.57
12:51:23 0.28 51.76 101.57
12:51:24 0.07 51.76 101.55
12:51:25 0.64 51.76 101.57
12:51:26 0.21 51.76 101.57
12:51:27 0.22 51.76 101.55
12:51:28 0.07 51.76 101.57
12:51:29 0.26 51.76 101.57
12:51:30 0.11 51.73 101.57
12:51:31 0.65 51.73 101.57
12:51:32 0.44 51.73 101.55
12:51:33 0.03 51.73 101.55
12:51:34 0.40 51.76 101.57
12:51:35 0.10 51.76 101.57
12:51:36 0.32 51.76 101.57
12:51:37 0.30 51.76 101.57
12:51:38 0.47 51.76 101.55
12:51:39 0.59 51.76 101.55
12:51:40 0.21 51.76 101.57
12:51:41 0.05 51.76 101.57
12:51:42 0.19 51.76 101.57
12:51:43 0.57 51.76 101.55
12:51:44 -0.06 51.76 101.57
12:51:45 0.35 51.73 101.57
12:51:46 0.43 51.73 101.57
12:51:47 0.08 51.76 101.55
12:51:48 -0.14 51.76 101.57
12:51:49 0.44 51.76 101.55
12:51:50 0.16 51.76 101.59
12:51:51 0.40 51.76 101.59
12:51:52 -0.11 51.76 101.57
12:51:53 -0.03 51.76 101.57
12:51:54 0.32 51.76 101.57
12:51:55 0.20 51.76 101.55
12:51:56 0.49 51.76 101.57
12:51:57 0.18 51.76 101.57
12:51:58 0.33 51.76 101.57
12:51:59 0.50 51.76 101.57
12:52:00 12.72 51.76 101.57
12:52:01 63.42 51.73 101.57
12:52:02 142.68 51.73 101.57
12:52:03 218.88 51.76 101.57
12:52:04 275.70 51.76 101.57
12:52:05 316.72 51.76 101.57
12:52:06 344.81 51.76 101.57
12:52:07 356.19 51.76 101.55
12:52:08 341.76 51.76 101.57
12:52:09 304.11 51.76 101.57
12:52:10 279.69 51.76 101.57
12:52:11 230.51 51.76 101.55
12:52:12 185.63 51.76 101.55
12:52:13 150.15 51.76 101.57
12:52:14 122.51 51.76 101.57
12:52:15 101.43 51.76 101.57
12:52:16 85.04 51.76 101.55
12:52:17 71.70 51.76 101.57
12:52:18 59.78 51.76 101.55
12:52:19 50.78 51.76 101.57
12:52:20 42.42 51.76 101.57
12:52:21 36.37 51.76 101.55
12:52:22 30.50 51.76 101.57
12:52:23 25.94 51.76 101.57
12:52:24 21.84 51.76 101.57
12:52:25 18.35 51.76 101.57
12:52:26 15.84 51.76 101.57
12:52:27 13.26 51.76 101.57
12:52:28 11.24 51.73 101.57
12:52:29 9.77 51.73 101.57
12:52:30 8.52 51.76 101.57
12:52:31 7.21 51.76 101.57
12:52:32 6.04 51.76 101.57
12:52:34 5.55 51.76 101.57
12:52:35 4.43 51.76 101.57
12:52:36 3.98 51.73 101.57
12:52:37 3.34 51.73 101.57
12:52:38 3.03 51.76 101.57
12:52:39 2.47 51.76 101.57
12:52:40 2.29 51.76 101.55
12:52:41 2.08 51.76 101.55
12:52:42 1.46 51.76 101.55
12:52:43 1.76 51.76 101.55
12:52:44 1.14 51.76 101.57
12:52:45 1.63 51.76 101.57
12:52:46 1.16 51.76 101.57
12:52:47 1.14 51.76 101.57
12:52:48 0.62 51.76 101.57
12:52:49 1.28 51.76 101.57
12:52:50 0.40 51.76 101.57
12:52:51 0.58 51.76 101.57
12:52:52 1.10 51.76 101.57
12:52:53 0.10 51.76 101.57
12:52:54 0.62 51.73 101.57
12:52:55 1.03 51.73 101.55
12:52:56 0.26 51.73 101.57
12:52:57 0.65 51.76 101.57
12:52:58 0.74 51.76 101.55
12:52:59 0.34 51.76 101.57
12:53:00 0.67 51.76 101.55
12:53:01 0.54 51.76 101.55
12:53:02 0.16 51.76 101.57
12:53:03 0.21 51.76 101.57
12:53:04 0.61 51.76 101.55
12:53:05 0.33 51.76 101.57
12:53:06 0.39 51.76 101.55
12:53:07 0.51 51.76 101.57
12:53:08 0.55 51.76 101.55
12:53:09 0.10 51.76 101.57
12:53:10 0.78 51.76 101.57
12:53:11 0.06 51.76 101.55
12:53:12 -0.09 51.76 101.57
12:53:13 0.63 51.76 101.57
12:53:14 0.57 51.76 101.55
12:53:15 -0.03 51.76 101.55
12:53:16 0.70 51.76 101.57
12:53:17 0.33 51.76 101.55
12:53:18 0.10 51.76 101.55
12:53:19 0.61 51.76 101.57
12:53:20 0.38 51.76 101.57
12:53:21 0.24 51.76 101.57
12:53:22 0.78 51.76 101.55
12:53:23 0.22 51.76 101.57
12:53:24 0.56 51.76 101.57
12:53:25 0.18 51.76 101.57
12:53:26 0.24 51.76 101.57
12:53:27 0.25 51.76 101.57
12:53:28 0.60 51.76 101.57
12:53:29 0.34 51.76 101.57
12:53:30 0.45 51.76 101.57
12:53:31 0.37 51.76 101.57
12:53:32 0.67 51.76 101.57
12:53:33 0.48 51.76 101.57
12:53:34 0.12 51.76 101.57
12:53:35 0.64 51.76 101.57
12:53:36 -0.02 51.76 101.57
12:53:37 0.13 51.76 101.57
12:53:38 0.76 51.76 101.57
12:53:39 0.49 51.76 101.55
12:53:40 0.01 51.76 101.57
12:53:41 0.28 51.76 101.55
12:53:42 0.75 51.76 101.55
12:53:43 0.41 51.73 101.57
12:53:44 0.56 51.73 101.57
12:53:46 0.46 51.76 101.57
12:53:47 0.11 51.76 101.57
12:53:48 0.44 51.76 101.55
12:53:49 0.32 51.76 101.57
12:53:50 0.64 51.76 101.57
12:53:51 0.33 51.76 101.57
12:53:52 0.62 51.76 101.57
12:53:53 0.16 51.76 101.57
12:53:54 0.41 51.76 101.57
12:53:55 -0.03 51.76 101.57
12:53:56 0.62 51.76 101.57
12:53:57 0.27 51.76 101.57
12:53:58 0.49 51.76 101.57
12:53:59 0.40 51.76 101.55
12:54:00 0.32 51.76 101.57
12:54:01 0.41 51.76 101.57
12:54:02 0.22 51.76 101.57
12:54:03 0.16 51.76 101.57
12:54:04 0.11 51.76 101.55
12:54:05 0.19 51.76 101.57
12:54:06 0.50 51.76 101.57
12:54:07 0.85 51.76 101.57
12:54:08 0.50 51.76 101.55
12:54:09 0.17 51.76 101.55
12:54:10 0.44 51.76 101.57
12:54:11 0.01 51.76 101.57
12:54:12 0.16 51.76 101.55
12:54:13 0.56 51.76 101.57
12:54:14 -0.16 51.76 101.57
12:54:15 0.36 51.76 101.57
12:54:16 0.60 51.76 101.57
12:54:17 0.11 51.76 101.57
12:54:18 0.03 51.76 101.55
12:54:19 0.07 51.76 101.57
12:54:20 0.17 51.76 101.57
12:54:21 0.59 51.76 101.57
12:54:22 -0.02 51.76 101.57
12:54:23 0.31 51.76 101.55
12:54:24 0.68 51.76 101.57
12:54:25 -0.01 51.76 101.57
12:54:26 0.26 51.76 101.55
12:54:27 0.31 51.76 101.57
12:54:28 0.15 51.76 101.57
12:54:29 0.26 51.76 101.57
12:54:30 0.52 51.76 101.57
12:54:31 0.22 51.76 101.57
12:54:32 0.50 51.76 101.55
12:54:33 -0.04 51.76 101.57
12:54:34 0.75 51.76 101.57
12:54:35 -0.01 51.76 101.57
12:54:36 0.21 51.76 101.55
12:54:37 0.21 51.76 101.57
12:54:38 0.47 51.76 101.57
12:54:39 0.06 51.76 101.55
12:54:40 0.41 51.76 101.55
12:54:41 0.13 51.76 101.57
12:54:42 0.35 51.76 101.57
12:54:43 0.39 51.76 101.57
12:54:44 0.32 51.76 101.55
12:54:45 0.00 51.76 101.57
12:54:46 0.28 51.73 101.57
12:54:47 0.16 51.73 101.55
12:54:48 0.16 51.76 101.55
12:54:49 0.11 51.76 101.55
12:54:50 0.44 51.76 101.57
12:54:51 -0.23 51.76 101.57
12:54:52 0.84 51.76 101.57
12:54:53 0.07 51.76 101.57
12:54:54 0.55 51.76 101.57
12:54:55 -0.16 51.76 101.57
12:54:56 0.17 51.76 101.57
12:54:57 0.62 51.76 101.57
12:54:59 0.42 51.76 101.55
12:55:00 0.29 51.76 101.57
12:55:01 0.51 51.76 101.57
12:55:02 0.40 51.76 101.57
12:55:03 -0.25 51.76 101.57
12:55:04 0.31 51.76 101.57
12:55:05 0.05 51.76 101.55
12:55:06 0.30 51.76 101.57
12:55:07 0.33 51.76 101.57
12:55:08 0.49 51.76 101.57
12:55:09 0.36 51.76 101.57
12:55:10 0.12 51.76 101.57
12:55:11 0.40 51.76 101.55
12:55:12 -0.16 51.76 101.55
12:55:13 0.20 51.76 101.55
12:55:14 0.32 51.76 101.57
12:55:15 0.33 51.76 101.57
12:55:16 0.46 51.76 101.57
12:55:17 0.33 51.76 101.57
12:55:18 -0.12 51.76 101.55
12:55:19 -0.05 51.76 101.57
12:55:20 0.39 51.76 101.55
12:55:21 0.19 51.76 101.55
12:55:22 0.50 51.76 101.57
12:55:23 0.43 51.76 101.55
12:55:24 0.09 51.76 101.57
12:55:25 0.05 51.76 101.57
12:55:26 0.48 51.76 101.57
12:55:27 0.03 51.76 101.57
12:55:28 -0.07 51.76 101.57
12:55:29 0.19 51.76 101.55
12:55:30 0.27 51.76 101.57
12:55:31 0.63 51.76 101.57
12:55:32 0.13 51.76 101.57
12:55:33 0.30 51.76 101.55
12:55:34 0.27 51.76 101.57
12:55:35 0.36 51.76 101.57
12:55:36 0.63 51.76 101.57
12:55:37 0.15 51.76 101.57
12:55:38 0.16 51.76 101.57
12:55:39 -0.03 51.76 101.57
12:55:40 0.16 51.76 101.57
12:55:41 -0.04 51.76 101.57
12:55:42 0.36 51.76 101.57
12:55:43 0.44 51.76 101.57
12:55:44 0.26 51.76 101.57
12:55:45 0.21 51.76 101.57
12:55:46 0.46 51.76 101.55
12:55:47 0.56 51.76 101.55
12:55:48 -0.02 51.76 101.57
12:55:49 0.36 51.76 101.57
12:55:50 0.29 51.76 101.56
12:55:51 0.49 51.76 101.56
12:55:52 0.33 51.76 101.54
12:55:53 0.41 51.76 101.57
12:55:54 0.10 51.76 101.57
12:55:55 0.18 51.76 101.57
12:55:56 0.20 51.76 101.57
12:55:57 -0.08 51.76 101.57
12:55:58 0.38 51.76 101.55
12:55:59 0.58 51.76 101.56
12:56:00 0.23 51.76 101.56
12:56:01 0.16 51.76 101.55
12:56:02 0.37 51.76 101.57
12:56:03 0.22 51.76 101.57
12:56:04 0.26 51.73 101.57
12:56:05 0.27 51.73 101.59
12:56:06 0.21 51.76 101.57
12:56:07 0.24 51.76 101.57
12:56:08 0.27 51.76 101.56
12:56:09 0.41 51.76 101.56
12:56:11 0.34 51.76 101.57
12:56:12 0.21 51.76 101.57
12:56:13 0.14 51.76 101.57
12:56:14 0.43 51.76 101.57
12:56:15 1.08 51.76 101.57
12:56:16 6.14 51.76 101.57
12:56:17 16.83 51.76 101.55
12:56:18 29.39 51.76 101.57
12:56:19 39.12 51.73 101.57
12:56:20 46.36 51.73 101.57
12:56:21 51.46 51.76 101.55
12:56:22 54.23 51.76 101.56
12:56:23 53.38 51.76 101.54
12:56:24 49.13 51.76 101.57
12:56:25 41.13 51.76 101.57
12:56:26 33.92 51.76 101.57
12:56:27 26.95 51.76 101.55
12:56:28 22.06 51.76 101.57
12:56:29 18.01 51.76 101.55
12:56:30 15.10 51.76 101.57
12:56:31 12.42 51.76 101.57
12:56:32 10.78 51.76 101.54
12:56:33 8.38 51.76 101.56
12:56:34 7.50 51.76 101.57
12:56:35 6.74 51.76 101.57
12:56:36 4.82 51.76 101.54
12:56:37 4.80 51.76 101.56
12:56:38 3.66 51.76 101.56
12:56:39 3.35 51.76 101.55
12:56:40 2.91 51.76 101.57
12:56:41 2.20 51.76 101.57
12:56:42 2.00 51.76 101.55
12:56:43 1.88 51.76 101.54
12:56:44 1.79 51.76 101.56
12:56:45 1.57 51.76 101.54
12:56:46 1.42 51.76 101.54
12:56:47 1.52 51.76 101.57
12:56:48 0.82 51.76 101.56
12:56:49 0.65 51.76 101.56
12:56:50 0.86 51.76 101.57
12:56:51 1.00 51.73 101.56
12:56:52 0.72 51.73 101.56
12:56:53 0.70 51.76 101.56
12:56:54 0.39 51.76 101.56
12:56:55 0.69 51.76 101.56
12:56:56 0.46 51.76 101.56
12:56:57 0.15 51.76 101.54
12:56:58 0.32 51.76 101.54
12:56:59 0.66 51.76 101.56
12:57:00 0.59 51.76 101.54
12:57:01 0.55 51.76 101.54
12:57:02 0.79 51.76 101.54
12:57:03 0.26 51.76 101.56
12:57:04 0.16 51.76 101.56
12:57:05 0.61 51.76 101.56
12:57:06 0.45 51.76 101.54
12:57:07 0.58 51.76 101.54
12:57:08 0.44 51.73 101.57
12:57:09 0.77 51.73 101.56
12:57:10 0.54 51.76 101.54
12:57:11 0.52 51.76 101.56
12:57:12 0.61 51.76 101.56
12:57:13 0.31 51.76 101.56
12:57:14 0.54 51.76 101.56
12:57:15 0.19 51.76 101.56
12:57:16 0.11 51.76 101.56
12:57:17 0.19 51.76 101.56
12:57:18 0.57 51.76 101.56
12:57:19 0.59 51.76 101.56
12:57:20 0.40 51.76 101.56
12:57:21 0.35 51.76 101.56
12:57:22 0.68 51.76 101.56
12:57:24 -0.07 51.76 101.56
12:57:25 0.59 51.76 101.54
12:57:26 0.63 51.76 101.56
12:57:27 0.31 51.76 101.56
12:57:28 -0.01 51.76 101.57
12:57:29 0.86 51.76 101.57
12:57:30 0.20 51.76 101.57
12:57:31 0.20 51.76 101.55
12:57:32 0.42 51.76 101.56
12:57:33 0.15 51.76 101.56
12:57:34 0.47 51.73 101.56
12:57:35 -0.09 51.73 101.56
12:57:36 0.32 51.73 101.56
12:57:37 0.42 51.76 101.56
12:57:38 -0.09 51.76 101.54
12:57:39 9.94 51.76 101.56
12:57:40 66.79 51.76 101.56
12:57:41 171.10 51.76 101.54
12:57:42 280.48 51.76 101.56
12:57:43 362.98 51.76 101.54
12:57:44 422.06 51.76 101.54
12:57:45 463.53 51.76 101.56
12:57:46 482.55 51.76 101.56
12:57:47 470.30 51.76 101.55
12:57:48 423.23 51.76 101.56
12:57:49 357.17 51.76 101.56
12:57:50 290.18 51.76 101.54
12:57:51 233.21 51.76 101.56
12:57:52 188.33 51.76 101.56
12:57:53 154.12 51.76 101.54
12:57:54 127.47 51.76 101.56
12:57:55 106.50 51.76 101.56
12:57:56 89.33 51.76 101.54
12:57:57 75.56 51.76 101.56
12:57:58 63.93 51.76 101.56
12:57:59 53.84 51.76 101.54
12:58:00 45.51 51.76 101.56
12:58:01 38.62 51.76 101.56
12:58:02 32.34 51.76 101.56
12:58:03 27.29 51.76 101.56
12:58:04 23.20 51.76 101.56
12:58:05 19.72 51.76 101.56
12:58:06 16.96 51.76 101.54
12:58:07 14.65 51.76 101.56
12:58:08 11.82 51.76 101.56
12:58:09 10.18 51.76 101.56
12:58:10 9.14 51.76 101.56
12:58:11 7.56 51.76 101.56
12:58:12 6.41 51.76 101.56
12:58:13 5.53 51.76 101.56
12:58:14 4.85 51.76 101.56
12:58:15 4.42 51.76 101.56
12:58:16 3.60 51.76 101.56
12:58:17 3.06 51.76 101.54
12:58:18 2.90 51.76 101.56
12:58:19 2.52 51.76 101.56
12:58:20 1.96 51.76 101.56
12:58:21 2.12 51.76 101.56
12:58:22 1.89 51.76 101.56
12:58:23 1.58 51.76 101.56
12:58:24 1.08 51.76 101.54
12:58:25 1.22 51.76 101.56
12:58:26 1.02 51.76 101.56
12:58:27 0.95 51.76 101.56
12:58:28 1.15 51.76 101.56
12:58:29 0.86 51.76 101.54
12:58:30 0.74 51.76 101.56
12:58:31 0.84 51.76 101.56
12:58:32 0.74 51.76 101.56
12:58:33 0.89 51.76 101.56
12:58:34 0.81 51.76 101.54
12:58:36 0.96 51.76 101.54
12:58:37 0.25 51.76 101.56
12:58:38 0.46 51.76 101.54
12:58:39 0.69 51.76 101.56
12:58:40 0.37 51.76 101.56
12:58:41 0.54 51.76 101.56
12:58:42 0.53 51.76 101.54
12:58:43 0.94 51.76 101.56
12:58:44 0.56 51.76 101.54
12:58:45 0.67 51.76 101.56
12:58:46 0.28 51.76 101.56
12:58:47 0.71 51.76 101.54
12:58:48 0.18 51.76 101.56
12:58:49 0.53 51.76 101.54
12:58:50 0.74 51.76 101.54
12:58:51 0.28 51.76 101.56
12:58:52 0.37 51.76 101.56
12:58:53 0.49 51.76 101.56
12:58:54 0.41 51.76 101.56
12:58:55 0.19 51.76 101.54
12:58:56 0.36 51.76 101.56
12:58:57 0.54 51.76 101.56
12:58:58 0.45 51.76 101.56
12:58:59 0.49 51.76 101.56
12:59:00 0.22 51.76 101.56
12:59:01 0.39 51.76 101.54
12:59:02 0.67 51.76 101.54
12:59:03 0.27 51.76 101.56
12:59:04 0.50 51.76 101.56
12:59:05 0.93 51.76 101.56
12:59:06 0.37 51.76 101.56
12:59:07 0.59 51.76 101.56
12:59:08 0.64 51.76 101.56
12:59:09 0.71 51.76 101.56
12:59:10 0.52 51.76 101.54
12:59:11 0.72 51.76 101.54
12:59:12 0.16 51.76 101.56
12:59:13 0.49 51.76 101.56
12:59:14 0.66 51.76 101.56
12:59:15 0.47 51.76 101.56
12:59:16 0.41 51.76 101.54
12:59:17 0.52 51.76 101.56
12:59:18 0.78 51.76 101.56
12:59:19 0.24 51.76 101.56
12:59:20 0.43 51.76 101.56
12:59:21 0.27 51.76 101.56
12:59:22 0.52 51.76 101.56
12:59:23 -0.16 51.76 101.57
12:59:24 0.17 51.76 101.57
12:59:25 0.09 51.76 101.59
12:59:26 0.01 51.76 101.56
12:59:27 0.30 51.76 101.56
12:59:28 0.31 51.76 101.56
12:59:29 0.34 51.76 101.56
12:59:30 0.75 51.76 101.56
12:59:31 0.23 51.76 101.56
12:59:32 0.01 51.76 101.54
12:59:33 0.49 51.76 101.56
12:59:34 2.11 51.76 101.56
12:59:35 12.89 51.76 101.56
12:59:36 31.20 51.76 101.56
12:59:37 49.43 51.76 101.54
12:59:38 64.28 51.76 101.56
12:59:39 74.24 51.76 101.56
12:59:40 81.54 51.76 101.56
12:59:41 84.69 51.76 101.56
12:59:42 82.15 51.76 101.56
12:59:43 73.57 51.76 101.56
12:59:44 61.62 51.76 101.56
12:59:45 50.52 51.76 101.56
12:59:46 40.17 51.76 101.54
12:59:47 32.89 51.76 101.56
12:59:49 26.75 51.76 101.54
12:59:50 22.16 51.76 101.56
12:59:51 18.59 51.76 101.56
12:59:52 16.22 51.76 101.56
12:59:53 13.52 51.76 101.56
12:59:54 11.42 51.76 101.56
12:59:55 9.34 51.76 101.54
12:59:56 7.94 51.76 101.56
12:59:57 6.92 51.76 101.56
12:59:58 5.93 51.76 101.56
12:59:59 5.38 51.76 101.56
13:00:00 4.09 51.76 101.56
13:00:01 3.56 51.76 101.56
13:00:02 3.31 51.76 101.56
13:00:03 2.78 51.76 101.56
13:00:04 1.99 51.76 101.56
13:00:05 2.17 51.76 101.56
13:00:06 1.88 51.76 101.56
13:00:07 1.75 51.76 101.54
13:00:08 1.05 51.76 101.54
13:00:09 1.51 51.76 101.54
13:00:10 0.81 51.76 101.56
13:00:11 1.08 51.76 101.56
13:00:12 1.55 51.76 101.56
13:00:13 0.84 51.76 101.54
13:00:14 0.67 51.76 101.56
13:00:15 0.95 51.76 101.56
13:00:16 0.97 51.76 101.56
13:00:17 0.33 51.76 101.56
13:00:18 0.50 51.76 101.56
13:00:19 0.46 51.76 101.56
13:00:20 0.66 51.76 101.54
13:00:21 0.12 51.76 101.56
13:00:22 0.48 51.76 101.54
13:00:23 0.53 51.76 101.56
13:00:24 0.55 51.76 101.56
13:00:25 0.63 51.76 101.56
13:00:26 0.69 51.76 101.56
13:00:27 0.51 51.76 101.56
13:00:28 0.59 51.76 101.56
13:00:29 0.50 51.76 101.56
13:00:30 0.26 51.76 101.54
13:00:31 0.58 51.76 101.56
13:00:32 0.25 51.76 101.56
13:00:33 0.74 51.76 101.56
13:00:34 0.33 51.76 101.56
13:00:35 0.36 51.73 101.56
13:00:36 0.32 51.73 101.56
13:00:37 0.41 51.76 101.54
13:00:38 0.52 51.76 101.54
13:00:39 0.40 51.76 101.56
13:00:40 0.50 51.76 101.56
13:00:41 0.48 51.76 101.56
13:00:42 0.49 51.76 101.54
13:00:43 0.08 51.76 101.56
13:00:44 0.69 51.76 101.56
13:00:45 0.45 51.76 101.56
13:00:46 0.04 51.76 101.56
13:00:47 0.49 51.76 101.56
13:00:48 0.13 51.76 101.56
13:00:49 0.50 51.76 101.54
13:00:50 0.13 51.76 101.54
13:00:51 0.97 51.76 101.54
13:00:52 0.23 51.76 101.56
13:00:53 0.97 51.76 101.54
13:00:54 0.49 51.76 101.54
13:00:55 0.43 51.76 101.56
13:00:56 0.09 51.76 101.56
13:00:57 0.49 51.76 101.56
13:00:58 0.56 51.76 101.56
13:00:59 0.48 51.76 101.56
13:01:01 0.12 51.76 101.56
13:01:02 0.55 51.76 101.57
13:01:03 0.24 51.76 101.57
13:01:04 0.35 51.76 101.56
13:01:05 0.28 51.76 101.54
13:01:06 0.49 51.76 101.54
13:01:07 0.07 51.76 101.54
13:01:08 0.40 51.76 101.56
13:01:09 0.43 51.76 101.56
13:01:10 0.05 51.76 101.56
13:01:11 0.31 51.76 101.56
13:01:12 2.68 51.76 101.54
13:01:13 6.92 51.76 101.56
13:01:14 23.49 51.76 101.56
13:01:15 42.25 51.76 101.56
13:01:16 57.93 51.76 101.56
13:01:17 69.69 51.76 101.56
13:01:18 77.75 51.76 101.56
13:01:19 82.80 51.76 101.54
13:01:20 82.94 51.76 101.56
13:01:21 77.13 51.76 101.56
13:01:22 66.24 51.76 101.54
13:01:23 54.94 51.76 101.56
13:01:24 43.85 51.76 101.56
13:01:25 35.90 51.76 101.56
13:01:26 29.53 51.76 101.56
13:01:27 24.75 51.76 101.54
13:01:28 20.78 51.76 101.54
13:01:29 17.44 51.76 101.56
13:01:30 14.77 51.76 101.54
13:01:31 12.83 51.76 101.56
13:01:32 10.59 51.76 101.54
13:01:33 9.62 51.76 101.56
13:01:34 8.37 51.76 101.56
13:01:35 7.43 51.76 101.56
13:01:36 6.20 51.76 101.56
13:01:37 5.42 51.76 101.54
13:01:38 4.94 51.76 101.56
13:01:39 4.47 51.76 101.56
13:01:40 3.63 51.76 101.56
13:01:41 3.71 51.73 101.54
13:01:42 3.49 51.73 101.56
13:01:43 2.53 51.76 101.56
13:01:44 2.51 51.76 101.56
13:01:45 2.41 51.76 101.56
13:01:46 2.51 51.76 101.56
13:01:47 2.08 51.76 101.56
13:01:48 2.52 51.76 101.54
13:01:49 1.94 51.76 101.54
13:01:50 2.36 51.76 101.56
13:01:51 1.60 51.73 101.56
13:01:52 1.76 51.73 101.56
13:01:53 1.79 51.76 101.56
13:01:54 1.61 51.76 101.56
13:01:55 1.71 51.76 101.54
13:01:56 1.52 51.76 101.54
13:01:57 1.38 51.76 101.56
13:01:58 1.50 51.76 101.54
13:01:59 1.35 51.76 101.54
13:02:00 1.27 51.76 101.56
13:02:01 1.40 51.76 101.56
13:02:02 1.25 51.76 101.56
13:02:03 1.74 51.76 101.56
13:02:04 1.38 51.76 101.56
13:02:05 1.48 51.76 101.56
13:02:06 1.12 51.76 101.56
13:02:07 1.34 51.76 101.56
13:02:08 1.43 51.76 101.54
13:02:09 1.38 51.76 101.56
13:02:10 1.96 51.76 101.56
13:02:11 1.21 51.76 101.56
13:02:12 1.31 51.76 101.56
13:02:14 1.19 51.76 101.54
13:02:15 1.48 51.76 101.56
13:02:16 1.22 51.76 101.56
13:02:17 1.54 51.76 101.56
13:02:18 1.14 51.76 101.56
13:02:19 1.62 51.76 101.56
13:02:20 1.45 51.76 101.56
13:02:21 0.79 51.76 101.56
13:02:22 1.20 51.76 101.56
13:02:23 1.47 51.76 101.54
13:02:24 1.61 51.76 101.56
13:02:25 1.11 51.76 101.54
13:02:26 1.29 51.76 101.56
13:02:27 1.47 51.76 101.56
13:02:28 1.20 51.76 101.56
13:02:29 1.33 51.76 101.54
13:02:30 1.56 51.76 101.56
13:02:31 0.99 51.76 101.56
13:02:32 1.08 51.76 101.56
13:02:33 1.51 51.76 101.56
13:02:34 1.20 51.76 101.56
13:02:35 1.37 51.76 101.56
13:02:36 1.29 51.76 101.56
13:02:37 1.27 51.76 101.56
13:02:38 1.33 51.76 101.56
13:02:39 0.74 51.76 101.56
13:02:40 1.11 51.76 101.56
13:02:41 1.27 51.76 101.54
13:02:42 1.05 51.76 101.56
13:02:43 1.07 51.76 101.56
13:02:44 1.33 51.76 101.56
13:02:45 1.06 51.76 101.56
13:02:46 0.78 51.76 101.56
13:02:47 1.22 51.73 101.56
13:02:48 1.30 51.73 101.56
13:02:49 1.20 51.76 101.56
13:02:50 1.27 51.76 101.54
13:02:51 1.30 51.76 101.56
13:02:52 0.98 51.76 101.56
13:02:53 0.99 51.76 101.56
13:02:54 1.00 51.76 101.56
13:02:55 1.47 51.76 101.56
13:02:56 1.12 51.76 101.56
13:02:57 1.27 51.76 101.56
13:02:58 1.50 51.76 101.56
13:02:59 1.01 51.76 101.56
13:03:00 0.93 51.76 101.56
13:03:01 0.98 51.76 101.56
13:03:02 1.05 51.76 101.56
13:03:03 1.21 51.76 101.54
13:03:04 1.04 51.76 101.56
13:03:05 1.40 51.76 101.54
13:03:06 0.76 51.76 101.54
13:03:07 1.23 51.76 101.54
13:03:08 1.14 51.76 101.56
13:03:09 1.27 51.76 101.56
13:03:10 0.85 51.76 101.56
13:03:11 1.20 51.76 101.56
13:03:12 1.30 51.76 101.56
13:03:13 1.17 51.76 101.56
13:03:14 0.92 51.76 101.54
13:03:15 0.95 51.76 101.56
13:03:16 1.11 51.76 101.56
13:03:17 1.03 51.76 101.56
13:03:18 1.36 51.76 101.54
13:03:19 1.31 51.76 101.56
13:03:20 1.20 51.76 101.56
13:03:21 0.71 51.76 101.54
13:03:22 0.94 51.76 101.56
13:03:23 1.20 51.76 101.56
13:03:25 1.38 51.76 101.56
13:03:26 1.25 51.76 101.56
13:03:27 1.33 51.76 101.56
13:03:28 0.87 51.76 101.56
13:03:29 1.26 51.76 101.56
13:03:30 0.89 51.76 101.56
13:03:31 1.02 51.76 101.54
13:03:32 1.48 51.76 101.56
13:03:33 1.29 51.76 101.56
13:03:34 1.03 51.76 101.54
13:03:35 1.15 51.76 101.56
13:03:36 0.90 51.76 101.56
13:03:37 1.17 51.76 101.54
13:03:38 1.13 51.76 101.56
13:03:39 1.28 51.76 101.56
13:03:40 1.08 51.76 101.56
13:03:41 1.58 51.76 101.54
13:03:42 1.35 51.76 101.56
13:03:43 1.29 51.76 101.56
13:03:44 1.26 51.76 101.56
13:03:45 0.93 51.76 101.56
13:03:46 1.13 51.76 101.56
13:03:47 0.97 51.76 101.56
13:03:48 1.49 51.76 101.56
13:03:49 0.80 51.76 101.56
13:03:50 1.16 51.76 101.56
13:03:51 1.28 51.76 101.56
13:03:52 0.58 51.76 101.56
13:03:53 1.21 51.76 101.56
13:03:54 1.01 51.76 101.56
13:03:55 0.58 51.76 101.56
13:03:56 1.27 51.76 101.54
13:03:57 1.49 51.76 101.56
13:03:58 0.98 51.76 101.56
13:03:59 0.86 51.76 101.56
13:04:00 1.60 51.76 101.56
13:04:01 0.84 51.76 101.56
13:04:02 0.86 51.76 101.54
13:04:03 1.06 51.76 101.56
13:04:04 1.18 51.76 101.56
13:04:05 0.79 51.76 101.56
13:04:06 1.00 51.76 101.56
13:04:07 0.96 51.76 101.56
13:04:08 1.08 51.76 101.56
13:04:09 1.39 51.76 101.56
13:04:10 0.92 51.76 101.56
13:04:11 1.31 51.76 101.54
13:04:12 1.35 51.76 101.56
13:04:13 0.85 51.76 101.56
13:04:14 1.38 51.76 101.56
13:04:15 1.07 51.76 101.56
13:04:16 1.04 51.76 101.56
13:04:17 0.83 51.76 101.56
13:04:18 1.29 51.76 101.54
13:04:19 1.29 51.76 101.56
13:04:20 0.75 51.76 101.56
13:04:21 1.45 51.76 101.56
13:04:22 1.19 51.76 101.54
13:04:23 1.17 51.76 101.56
13:04:24 1.35 51.76 101.54
13:04:25 1.07 51.76 101.56
13:04:26 1.31 51.76 101.56
13:04:27 1.12 51.76 101.56
13:04:28 0.97 51.76 101.54
13:04:29 1.40 51.76 101.54
13:04:30 0.94 51.76 101.56
13:04:31 1.01 51.76 101.56
13:04:32 0.67 51.76 101.56
13:04:33 0.87 51.76 101.56
13:04:34 1.08 51.76 101.56
13:04:35 1.27 51.76 101.56
13:04:36 1.26 51.76 101.56
13:04:38 0.75 51.76 101.56
13:04:39 1.09 51.76 101.56
13:04:40 1.31 51.76 101.56
13:04:41 0.84 51.76 101.56
13:04:42 0.87 51.76 101.56
13:04:43 1.29 51.76 101.56
13:04:44 0.50 51.76 101.56
13:04:45 1.21 51.76 101.56
13:04:46 1.44 51.76 101.56
13:04:47 1.33 51.76 101.54
13:04:48 0.88 51.76 101.54
13:04:49 0.93 51.76 101.56
13:04:50 0.89 51.76 101.54
13:04:51 1.11 51.76 101.56
13:04:52 1.04 51.76 101.56
13:04:53 0.99 51.76 101.56
13:04:54 1.13 51.76 101.56
13:04:55 1.53 51.76 101.54
13:04:56 1.19 51.76 101.56
13:04:57 0.89 51.76 101.56
13:04:58 1.07 51.76 101.56
13:04:59 1.24 51.76 101.56
13:05:00 0.84 51.76 101.56
13:05:01 1.17 51.76 101.54
13:05:02 1.16 51.76 101.56
13:05:03 0.76 51.76 101.56
13:05:04 1.03 51.76 101.56
13:05:05 1.28 51.76 101.54
13:05:06 1.08 51.76 101.56
13:05:07 0.97 51.76 101.56
13:05:08 0.96 51.76 101.56
13:05:09 1.23 51.76 101.56
13:05:10 0.86 51.76 101.56
13:05:11 0.99 51.76 101.56
13:05:12 0.91 51.76 101.56
13:05:13 1.15 51.76 101.56
13:05:14 0.88 51.76 101.56
13:05:15 1.08 51.76 101.56
13:05:16 1.17 51.76 101.54
13:05:17 0.93 51.76 101.56
13:05:18 1.01 51.76 101.56
13:05:19 1.31 51.76 101.56
13:05:20 1.37 51.76 101.56
13:05:21 1.22 51.76 101.56
13:05:22 1.49 51.76 101.56
13:05:23 0.67 51.76 101.56
13:05:24 1.30 51.76 101.56
13:05:25 0.67 51.76 101.56
13:05:26 1.13 51.76 101.56
13:05:27 1.14 51.76 101.54
13:05:28 1.08 51.76 101.56
13:05:29 1.00 51.76 101.56
13:05:30 0.93 51.76 101.56
13:05:31 1.36 51.76 101.56
13:05:32 0.92 51.76 101.56
13:05:33 1.08 51.76 101.56
13:05:34 1.28 51.76 101.56
13:05:35 0.88 51.76 101.54
13:05:36 1.39 51.76 101.56
13:05:37 0.98 51.76 101.56
13:05:38 1.17 51.76 101.56
13:05:39 0.87 51.76 101.56
13:05:40 0.93 51.76 101.56
